rate_date	close	open	high	low	change_percent
2018-8-20	16.096	16.0585	16.1595	16.0585	0.23
2018-8-19	16.0585	16.0775	16.0785	16.0585	-0.06
2018-8-17	16.0677	16.1131	16.1549	16.0289	-0.28
2018-8-16	16.1126	15.9733	16.146	15.9329	0.90
2018-8-15	15.9696	16.141	16.1787	15.922	-1.09
2018-8-14	16.1462	16.0634	16.171	16.049	0.49
2018-8-13	16.0682	16.2067	16.2067	16.0102	-0.41
2018-8-12	16.135	16.0845	16.1575	16.0845	-0.42
2018-8-10	16.2023	16.2871	16.3002	16.1304	-0.51
2018-8-9	16.2858	16.2355	16.3055	16.2018	0.31
2018-8-8	16.236	16.2983	16.3797	16.2118	-0.42
2018-8-7	16.3041	16.2558	16.3187	16.2262	0.30
2018-8-6	16.2552	16.2755	16.3526	16.2388	-0.13
2018-8-5	16.277	16.2875	16.2895	16.2725	-0.04
2018-8-3	16.283	16.3112	16.3372	16.2077	-0.21
2018-8-2	16.3172	16.3667	16.416	16.2657	-0.36
2018-8-1	16.3756	16.4175	16.5103	16.3273	-0.28
2018-7-31	16.4215	16.3041	16.4359	16.2569	0.76
2018-7-30	16.2979	16.2985	16.3111	16.2465	0.07
2018-7-29	16.2865	16.2855	16.2955	16.2785	-0.07
2018-7-27	16.2974	16.3685	16.3729	16.2436	-0.47
2018-7-26	16.3741	16.397	16.4618	16.3072	-0.11
2018-7-25	16.3929	16.3831	16.4516	16.3457	0.12
2018-7-24	16.3736	16.392	16.4169	16.2741	-0.11
2018-7-23	16.3912	16.4569	16.4584	16.3381	-0.25
2018-7-22	16.432	16.4635	16.474	16.432	-0.14
2018-7-20	16.4544	16.5991	16.6359	16.4514	-0.88
2018-7-19	16.5998	16.798	16.807	16.5408	-1.18
2018-7-18	16.7978	16.8279	16.8757	16.7677	-0.20
2018-7-17	16.8322	16.7817	16.8643	16.7713	0.29
2018-7-16	16.7828	16.7975	16.8653	16.7736	-0.04
2018-7-15	16.789	16.7795	16.8005	16.767	-0.03
2018-7-13	16.7933	16.8741	16.9407	16.7678	-0.53
2018-7-12	16.882	16.7657	16.9049	16.7354	0.69
2018-7-11	16.7657	16.7516	16.7911	16.6129	0.14
2018-7-10	16.7417	16.7464	16.8419	16.7357	-0.08
2018-7-9	16.7546	16.6324	16.7636	16.6038	0.75
2018-7-8	16.6295	16.6135	16.638	16.6135	0.02
2018-7-6	16.6267	16.6695	16.6876	16.6036	-0.25
2018-7-5	16.6678	16.6538	16.6945	16.6122	0.07
2018-7-4	16.6566	16.6456	16.7279	16.5974	0.04
2018-7-3	16.6497	16.6348	16.6971	16.5029	0.11
2018-7-2	16.6309	16.7209	16.7737	16.595	-0.48
2018-7-1	16.711	16.7105	16.7185	16.6885	-0.03
2018-6-29	16.7165	16.6735	16.7696	16.6442	0.26
2018-6-28	16.6733	16.6887	16.6998	16.6112	-0.13
2018-6-27	16.6943	16.7336	16.7564	16.6004	-0.21
2018-6-26	16.7291	16.7804	16.788	16.6552	-0.33
2018-6-25	16.7852	16.8969	16.9154	16.724	-0.68
2018-6-24	16.8995	16.8915	16.91	16.891	-0.02
2018-6-22	16.9032	16.9373	16.9803	16.8849	-0.22
2018-6-21	16.9399	17.0501	17.0755	16.9137	-0.63
2018-6-20	17.0465	16.9636	17.0604	16.9312	0.45
2018-6-19	16.9702	17.1779	17.1825	16.9205	-1.15
2018-6-18	17.1679	17.1865	17.1989	17.129	0.06
2018-6-17	17.158	17.162	17.185	17.156	-0.17
2018-6-15	17.1873	17.2742	17.2901	17.1489	-0.54
2018-6-14	17.2812	17.243	17.2922	17.1979	0.21
2018-6-13	17.2451	17.2406	17.3263	17.2326	0.04
2018-6-12	17.2387	17.1931	17.2665	17.1853	0.29
2018-6-11	17.1883	17.083	17.2023	17.0423	0.12
2018-6-10	17.1685	17.136	17.1685	17.136	0.40
2018-6-8	17.0994	17.1643	17.1893	17.0324	-0.37
2018-6-7	17.1625	17.2454	17.2532	17.1281	-0.49
2018-6-6	17.2477	17.1432	17.2617	17.1416	0.63
2018-6-5	17.1392	17.1252	17.1703	17.0877	0.04
2018-6-4	17.1318	17.0628	17.1396	17.0534	0.51
2018-6-3	17.0445	17.013	17.0445	17.0115	-0.10
2018-6-1	17.062	16.9795	17.0953	16.9639	0.51
2018-5-31	16.9758	16.9631	17.0184	16.9042	0.06
2018-5-30	16.966	16.9467	16.9926	16.8715	0.11
2018-5-29	16.9479	17.0984	17.1078	16.8467	-0.88
2018-5-28	17.0989	17.1403	17.1825	17.0657	-0.66
2018-5-27	17.213	17.2305	17.241	17.197	0.57
2018-5-25	17.1151	17.126	17.1919	17.0769	-0.08
2018-5-24	17.1291	17.236	17.2407	17.0835	-0.59
2018-5-23	17.2309	17.4152	17.4199	17.15	-1.06
2018-5-22	17.4157	17.3958	17.4504	17.3677	0.11
2018-5-21	17.3972	17.3518	17.4596	17.3518	0.22
2018-5-18	17.3597	17.3993	17.4323	17.3362	-0.22
2018-5-17	17.3979	17.3312	17.412	17.3076	0.42
2018-5-16	17.3256	17.2985	17.3287	17.2532	0.13
2018-5-15	17.3024	17.293	17.3342	17.274	0.02
2018-5-14	17.2985	17.2769	17.3072	17.2447	0.16
2018-5-11	17.2709	17.2192	17.2815	17.1863	0.24
2018-5-10	17.2297	17.2543	17.3024	17.2188	-0.11
2018-5-9	17.2492	17.1337	17.2557	17.1119	0.70
2018-5-8	17.1293	17.1322	17.1692	17.0823	-0.03
2018-5-7	17.1351	17.1478	17.1879	17.0897	-0.09
2018-5-4	17.1507	17.1917	17.2095	17.0781	-0.21
2018-5-3	17.1861	17.262	17.2756	17.1452	-0.45
2018-5-2	17.2646	17.3476	17.3587	17.2237	-0.48
2018-5-1	17.3473	17.2653	17.352	17.2478	0.48
2018-4-30	17.2636	17.2115	17.2827	17.2115	0.27
2018-4-27	17.2179	17.245	17.2742	17.1919	-0.19
2018-4-26	17.2499	17.2948	17.3081	17.231	-0.27
2018-4-25	17.2961	17.2543	17.3078	17.2385	0.24
2018-4-24	17.2552	17.2122	17.3168	17.2075	0.27
2018-4-23	17.209	17.0919	17.2169	17.0919	0.64
2018-4-20	17.0993	17.0986	17.1524	17.0739	-0.01
2018-4-19	17.1004	17.092	17.1628	17.0797	0.06
2018-4-18	17.0909	17.0307	17.1036	17.0291	0.35
2018-4-17	17.0321	17.0683	17.0779	17.013	-0.20
2018-4-16	17.0668	17.1075	17.1473	17.0496	-0.23
2018-4-13	17.1068	17.0568	17.1639	17.033	0.27
2018-4-12	17.0604	17.0363	17.0886	16.9999	0.15
2018-4-11	17.0354	17.0622	17.0785	16.9852	-0.16
2018-4-10	17.062	16.928	17.0938	16.9043	0.79
2018-4-9	16.928	16.9657	17.0211	16.9043	-0.18
2018-4-6	16.9591	17.0319	17.0447	16.9352	-0.42
2018-4-5	17.0304	16.9337	17.0494	16.9242	0.56
2018-4-4	16.9352	16.9464	16.956	16.7923	-0.08
2018-4-3	16.9486	16.8606	16.9581	16.8287	0.52
2018-4-2	16.861	16.9303	16.9707	16.8228	-0.44
2018-3-30	16.9354	16.9216	16.9873	16.8914	0.08
2018-3-29	16.9211	16.963	16.9764	16.8925	-0.27
2018-3-28	16.9668	16.7604	16.9922	16.7556	1.20
2018-3-27	16.7664	16.8021	16.9322	16.7632	-0.22
2018-3-26	16.8027	16.5817	16.8154	16.5548	1.32
2018-3-23	16.5833	16.6214	16.6693	16.5205	-0.21
2018-3-22	16.6188	16.7736	16.7799	16.6172	-0.92
2018-3-21	16.7723	16.8245	16.8656	16.744	-0.28
2018-3-20	16.8194	16.7484	16.8459	16.7215	0.38
2018-3-19	16.7549	16.7203	16.7917	16.6872	0.15
2018-3-16	16.7293	16.8285	16.8364	16.701	-0.55
2018-3-15	16.8211	16.8234	16.8339	16.7339	-0.05
2018-3-14	16.8289	16.858	16.9045	16.7846	-0.18
2018-3-13	16.8587	16.813	16.9608	16.7861	0.28
2018-3-12	16.8113	16.8649	16.8916	16.7954	-0.32
2018-3-9	16.8645	16.7539	16.9056	16.7398	0.71
2018-3-8	16.7457	16.7691	16.7911	16.7188	-0.14
2018-3-7	16.7696	16.8258	16.8369	16.6863	-0.29
2018-3-6	16.8192	16.7264	16.8414	16.6868	0.55
2018-3-5	16.7264	16.6514	16.7326	16.6073	0.36
2018-3-2	16.6656	16.7099	16.7555	16.5869	-0.26
2018-3-1	16.7092	16.8451	16.8634	16.6965	-0.83
2018-2-28	16.8495	16.998	17.0296	16.829	-0.84
2018-2-27	16.9916	16.9186	17.047	16.8933	0.35
2018-2-26	16.9315	16.8771	16.965	16.8424	0.39
2018-2-23	16.8662	16.8138	16.8962	16.7965	0.32
2018-2-22	16.8117	16.9736	16.9783	16.7865	-0.98
2018-2-21	16.9774	16.9066	16.9994	16.8971	0.41
2018-2-20	16.908	16.7932	16.9159	16.7869	0.69
2018-2-19	16.7923	16.7498	16.8128	16.712	0.27
2018-2-16	16.7474	16.719	16.7615	16.6246	0.18
2018-2-15	16.7175	16.856	16.8607	16.7017	-0.83
2018-2-14	16.8577	17.0079	17.0205	16.8104	-0.86
2018-2-13	17.0044	17.1715	17.1994	16.9235	-0.97
2018-2-12	17.1718	17.2854	17.3091	17.1345	-0.61
2018-2-9	17.2777	17.1765	17.3617	17.1354	0.53
2018-2-8	17.1873	17.4367	17.4557	17.1605	-1.44
2018-2-7	17.4378	17.4496	17.5256	17.3899	0.00
2018-2-6	17.4377	17.328	17.4572	17.2223	0.53
2018-2-5	17.3458	17.4783	17.5317	17.3268	-0.73
2018-2-2	17.473	17.3688	17.557	17.3498	0.61
2018-2-1	17.3674	17.3559	17.4427	17.3388	0.01
2018-1-31	17.365	17.2025	17.4048	17.1883	0.96
2018-1-30	17.2005	17.1923	17.2507	17.1393	0.05
2018-1-29	17.1923	17.2053	17.2508	17.1538	-0.05
2018-1-26	17.2014	17.2878	17.3463	17.1333	-0.58
2018-1-25	17.3021	17.1436	17.3464	17.1264	0.91
2018-1-24	17.1468	17.2231	17.2495	17.106	-0.44
2018-1-23	17.2232	17.3252	17.3864	17.2031	-0.54
2018-1-22	17.317	17.2694	17.3653	17.2492	0.11
2018-1-19	17.2978	17.3116	17.377	17.2541	-0.05
2018-1-18	17.3062	17.3018	17.3345	17.2423	0.07
2018-1-17	17.294	17.1323	17.3065	17.092	0.89
2018-1-16	17.1408	17.1795	17.2742	17.1082	-0.18
2018-1-15	17.1723	17.1959	17.2603	17.1325	-0.08
2018-1-12	17.1863	17.1279	17.2963	17.0971	0.35
2018-1-11	17.1271	17.1161	17.1979	17.0948	0.03
2018-1-10	17.1224	17.251	17.2709	17.0994	-0.76
2018-1-9	17.2528	17.403	17.4168	17.2084	-0.85
2018-1-8	17.3999	17.4288	17.478	17.369	-0.16
2018-1-5	17.4271	17.3623	17.4724	17.3577	0.36
2018-1-4	17.3639	17.2994	17.3874	17.2932	0.37
2018-1-3	17.3005	17.2929	17.3174	17.2523	0.04
2018-1-2	17.2938	17.3207	17.3672	17.26	-0.12
2018-1-1	17.3138	17.3153	17.3199	17.3123	-0.03
2017-12-29	17.3184	17.2747	17.3245	17.2487	0.23
2017-12-28	17.2782	17.2909	17.2966	17.2222	-0.06
2017-12-27	17.2883	17.2977	17.3191	17.2513	-0.07
2017-12-26	17.3003	17.3226	17.3466	17.2768	-0.12
2017-12-25	17.321	17.2281	17.3298	17.2175	0.58
2017-12-22	17.2213	17.2118	17.2763	17.2042	0.06
2017-12-21	17.211	17.2363	17.2948	17.2019	-0.15
2017-12-20	17.2363	17.0918	17.2485	17.0857	0.84
2017-12-19	17.0925	17.0086	17.1213	17.0071	0.49
2017-12-18	17.01	17.044	17.0757	16.9753	-0.14
2017-12-15	17.0342	17.0052	17.0599	16.9551	0.18
2017-12-14	17.0035	17.0066	17.0861	16.955	-0.02
2017-12-13	17.0076	17.1488	17.1533	16.9955	-0.82
2017-12-12	17.148	17.1581	17.1796	17.1227	-0.06
2017-12-11	17.1576	17.1385	17.1813	17.11	0.11
2017-12-8	17.1396	17.0824	17.1709	17.0794	0.32
2017-12-7	17.0842	16.9781	17.0963	16.966	0.64
2017-12-6	16.9762	17.0085	17.019	16.9347	-0.20
2017-12-5	17.0106	16.9825	17.0545	16.9779	0.17
2017-12-4	16.9818	16.9968	17.0872	16.9742	0.24
2017-12-1	16.9418	17.0169	17.0705	16.8377	-0.45
2017-11-30	17.0179	16.9433	17.0345	16.8954	0.49
2017-11-29	16.9351	16.8637	16.9712	16.8501	0.37
2017-11-28	16.8721	16.848	16.9017	16.8086	0.19
2017-11-27	16.8404	16.873	16.9108	16.7961	-0.32
2017-11-24	16.8951	16.8891	16.942	16.8496	0.01
2017-11-23	16.8938	16.833	16.9457	16.8102	0.41
2017-11-22	16.8248	16.9584	16.966	16.8142	-0.80
2017-11-21	16.961	16.9682	16.9876	16.9232	-0.07
2017-11-20	16.9736	16.9218	16.9902	16.8813	0.35
2017-11-17	16.914	17.0455	17.0621	16.8929	-0.81
2017-11-16	17.0516	17.0415	17.1007	17.008	0.06
2017-11-15	17.0416	17.1021	17.1096	16.9979	-0.32
2017-11-14	17.0963	17.109	17.1583	17.0733	-0.09
2017-11-13	17.1109	17.0931	17.1247	17.0537	0.09
2017-11-10	17.095	17.0864	17.113	17.0452	0.05
2017-11-9	17.0873	17.179	17.2222	17.0316	-0.54
2017-11-8	17.18	17.1702	17.1846	17.1038	0.05
2017-11-7	17.171	17.1384	17.24	17.1369	0.18
2017-11-6	17.1395	17.1645	17.287	17.1395	-0.25
2017-11-3	17.1825	17.2661	17.2676	17.153	-0.46
2017-11-2	17.2624	17.2943	17.3019	17.1846	-0.17
2017-11-1	17.2917	17.1258	17.3038	17.1213	0.96
2017-10-31	17.1269	17.0282	17.1419	16.9981	0.58
2017-10-30	17.0278	17.1016	17.1214	17.0052	-0.38
2017-10-27	17.0919	17.1551	17.1987	17.0855	-0.40
2017-10-26	17.1597	17.1325	17.1816	17.0798	0.16
2017-10-25	17.1327	17.171	17.2036	17.0936	-0.18
2017-10-24	17.1643	17.0837	17.1883	17.0567	0.47
2017-10-23	17.0836	17.1716	17.235	17.055	-0.36
2017-10-20	17.1459	17.0105	17.155	17.0075	0.78
2017-10-19	17.0133	17.0405	17.0837	16.9721	-0.16
2017-10-18	17.0405	16.9429	17.0609	16.9324	0.59
2017-10-17	16.9404	17.0258	17.044	16.9299	-0.50
2017-10-16	17.0247	17.0214	17.0398	16.9443	0.14
2017-10-13	17.0003	17.04	17.0762	16.9493	-0.25
2017-10-12	17.0437	17.0695	17.0827	17.0194	-0.15
2017-10-11	17.0699	17.1204	17.1235	17.0036	-0.25
2017-10-10	17.1126	17.0019	17.1165	16.9943	0.63
2017-10-9	17.0055	16.942	17.0312	16.8864	0.44
2017-10-6	16.9305	16.9561	17.0508	16.9245	-0.15
2017-10-5	16.9567	16.9462	16.9718	16.8952	0.06
2017-10-4	16.947	16.962	16.9755	16.8823	-0.09
2017-10-3	16.962	16.9455	17.0146	16.9304	0.08
2017-10-2	16.9485	16.9169	16.9936	16.9004	0.24
2017-9-29	16.9072	16.8468	16.963	16.8363	0.29
2017-9-28	16.8584	16.993	17.008	16.8449	-0.76
2017-9-27	16.9869	16.9032	17.0558	16.8971	0.50
2017-9-26	16.9028	16.877	16.9403	16.8328	0.16
2017-9-25	16.8754	16.9933	17.0769	16.8361	-0.68
2017-9-22	16.9904	17.0606	17.0743	16.9505	-0.45
2017-9-21	17.0677	17.0645	17.1314	17.0141	-0.01
2017-9-20	17.0687	16.9516	17.1158	16.9228	0.70
2017-9-19	16.9501	16.9757	16.9972	16.8957	-0.12
2017-9-18	16.971	16.9193	16.9984	16.9162	0.32
2017-9-15	16.9164	16.8091	17.0179	16.7055	0.61
2017-9-14	16.8144	16.8885	16.9364	16.79	-0.42
2017-9-13	16.886	16.8623	16.9222	16.8299	0.17
2017-9-12	16.8581	16.7507	16.8719	16.7005	0.62
2017-9-11	16.755	16.6938	16.7718	16.6177	0.70
2017-9-8	16.6385	16.722	16.7996	16.6062	-0.49
2017-9-7	16.72	16.7479	16.7983	16.6586	-0.14
2017-9-6	16.7435	16.634	16.7695	16.5803	0.61
2017-9-5	16.6416	16.8027	16.8205	16.614	-0.96
2017-9-4	16.8031	16.6797	16.8329	16.6659	-0.05
2017-9-1	16.811	16.6957	16.8436	16.6881	0.73
2017-8-31	16.6884	16.7189	16.7764	16.6747	-0.18
2017-8-30	16.7181	16.6385	16.7484	16.6036	0.48
2017-8-29	16.6378	16.5372	16.6605	16.398	0.64
2017-8-28	16.5321	16.415	16.5518	16.397	0.53
2017-8-25	16.445	16.4494	16.5053	16.4074	0.00
2017-8-24	16.4448	16.3776	16.4538	16.3446	0.43
2017-8-23	16.3744	16.4427	16.4846	16.3564	-0.44
2017-8-22	16.446	16.3492	16.4581	16.3327	0.59
2017-8-21	16.3488	16.3939	16.4074	16.2965	-0.12
2017-8-18	16.368	16.4114	16.4309	16.2866	-0.28
2017-8-17	16.4138	16.4693	16.5211	16.3927	-0.33
2017-8-16	16.4685	16.5551	16.5845	16.4416	-0.52
2017-8-15	16.5545	16.4326	16.5789	16.4266	0.73
2017-8-14	16.4342	16.3522	16.4757	16.3477	0.32
2017-8-11	16.3825	16.4223	16.4362	16.3084	-0.29
2017-8-10	16.4296	16.4864	16.5348	16.4132	-0.40
2017-8-9	16.4948	16.4416	16.5026	16.3647	0.28
2017-8-8	16.4491	16.4728	16.5266	16.4401	-0.17
2017-8-7	16.4766	16.4322	16.504	16.4322	0.17
2017-8-4	16.4491	16.3747	16.5033	16.3449	0.40
2017-8-3	16.3832	16.4624	16.4888	16.3479	-0.55
2017-8-2	16.4738	16.4214	16.5083	16.4	0.28
2017-8-1	16.4271	16.3841	16.4557	16.3532	0.22
2017-7-31	16.391	16.4174	16.4809	16.3684	-0.21
2017-7-28	16.4255	16.4893	16.5108	16.4025	-0.47
2017-7-27	16.5023	16.4564	16.569	16.415	0.25
2017-7-26	16.4609	16.567	16.6119	16.4387	-0.68
2017-7-25	16.5737	16.4463	16.5841	16.4214	0.71
2017-7-24	16.4571	16.4093	16.4883	16.365	0.21
2017-7-21	16.4218	16.5469	16.5786	16.399	-0.81
2017-7-20	16.5553	16.5803	16.6124	16.4809	-0.18
2017-7-19	16.5844	16.6074	16.6203	16.5144	-0.17
2017-7-18	16.6127	16.6312	16.6498	16.5469	-0.15
2017-7-17	16.6374	16.6035	16.6728	16.5799	0.17
2017-7-14	16.6084	16.6942	16.7475	16.5587	-0.55
2017-7-13	16.6995	16.6667	16.725	16.6379	0.17
2017-7-12	16.6704	16.7431	16.7557	16.6316	-0.47
2017-7-11	16.7497	16.7578	16.8335	16.7108	-0.08
2017-7-10	16.7625	16.7391	16.8071	16.7215	0.17
2017-7-7	16.7346	16.6373	16.7772	16.6182	0.53
2017-7-6	16.6471	16.6444	16.6853	16.5929	-0.03
2017-7-5	16.6529	16.6485	16.7161	16.5863	-0.02
2017-7-4	16.6569	16.6647	16.6864	16.5806	-0.09
2017-7-3	16.6711	16.5308	16.6919	16.5013	0.59
2017-6-30	16.573	16.5184	16.6085	16.4713	0.26
2017-6-29	16.5294	16.5103	16.6609	16.4639	0.09
2017-6-28	16.5152	16.4837	16.5332	16.4397	0.14
2017-6-27	16.4922	16.3442	16.5098	16.3188	0.88
2017-6-26	16.349	16.2455	16.3636	16.2455	0.43
2017-6-23	16.2784	16.2813	16.3055	16.2468	-0.06
2017-6-22	16.2886	16.301	16.3185	16.2359	-0.12
2017-6-21	16.3079	16.3136	16.3676	16.2605	-0.08
2017-6-20	16.3204	16.3466	16.3886	16.2976	-0.20
2017-6-19	16.3538	16.2705	16.367	16.2573	0.46
2017-6-16	16.2787	16.2858	16.3558	16.241	-0.09
2017-6-15	16.293	16.1219	16.3032	16.0792	0.99
2017-6-14	16.1338	16.1838	16.2457	16.0144	-0.33
2017-6-13	16.1876	16.1686	16.2251	16.1494	0.10
2017-6-12	16.1712	16.2303	16.2462	16.12	-0.37
2017-6-9	16.232	16.1714	16.3011	16.1332	0.34
2017-6-8	16.1766	16.1542	16.2366	16.0968	0.11
2017-6-7	16.1593	16.0992	16.1727	16.0563	0.37
2017-6-6	16.1002	16.2307	16.242	16.0683	-0.82
2017-6-5	16.2339	16.191	16.2773	16.1749	0.15
2017-6-2	16.2096	16.3432	16.4172	16.185	-0.90
2017-6-1	16.3571	16.2621	16.3733	16.2474	0.56
2017-5-31	16.2664	16.1578	16.2875	16.1432	0.60
2017-5-30	16.1686	16.2191	16.2401	16.1316	-0.37
2017-5-29	16.2292	16.2278	16.2612	16.2045	-0.08
2017-5-26	16.2416	16.2754	16.3345	16.1547	-0.25
2017-5-25	16.2815	16.175	16.3081	16.1735	0.61
2017-5-24	16.1831	16.2145	16.2731	16.1721	-0.25
2017-5-23	16.2243	16.1526	16.2358	16.0873	0.39
2017-5-22	16.1617	16.1609	16.2164	16.0984	0.00
2017-5-19	16.162	16.1773	16.2164	16.1109	-0.13
2017-5-18	16.1832	16.0921	16.2166	15.9889	0.49
2017-5-17	16.1038	16.4182	16.4327	16.0834	-1.96
2017-5-16	16.426	16.4977	16.5194	16.3877	-0.49
2017-5-15	16.5072	16.3993	16.5188	16.3863	0.48
2017-5-12	16.4284	16.4866	16.5127	16.3979	-0.39
2017-5-11	16.4934	16.5496	16.5665	16.4263	-0.37
2017-5-10	16.5554	16.4978	16.5669	16.4442	0.32
2017-5-9	16.5019	16.3997	16.5525	16.3809	0.60
2017-5-8	16.4031	16.3644	16.4104	16.2723	0.45
2017-5-5	16.3298	16.3039	16.3442	16.2502	0.14
2017-5-4	16.3075	16.3353	16.3916	16.2822	-0.22
2017-5-3	16.3439	16.2346	16.3497	16.2288	0.64
2017-5-2	16.2392	16.2143	16.293	16.2027	0.09
2017-5-1	16.224	16.136	16.237	16.1201	0.26
2017-4-28	16.1812	16.1203	16.2073	16.1012	0.32
2017-4-27	16.1303	16.1065	16.1863	16.0899	0.11
2017-4-26	16.1121	16.1289	16.2194	16.0804	-0.15
2017-4-25	16.1365	15.9393	16.1511	15.9132	1.21
2017-4-24	15.9432	16.0295	16.0595	15.9219	0.64
2017-4-21	15.8418	15.8762	15.8991	15.8045	-0.27
2017-4-20	15.8843	15.7968	15.9091	15.7857	0.50
2017-4-19	15.805	15.7421	15.8573	15.7348	0.32
2017-4-18	15.7551	15.8165	15.8759	15.7261	-0.43
2017-4-17	15.8239	15.7769	15.8471	15.7057	0.29
2017-4-14	15.7783	15.8207	15.8784	15.7565	-0.35
2017-4-13	15.8338	15.8109	15.8911	15.7702	0.08
2017-4-12	15.8209	15.8949	15.9457	15.8007	-0.52
2017-4-11	15.904	16.0598	16.0718	15.8852	-1.04
2017-4-10	16.0705	16.093	16.1761	16.0381	-0.16
2017-4-7	16.0962	16.0565	16.141	15.9543	0.19
2017-4-6	16.0654	16.0464	16.1132	15.987	0.06
2017-4-5	16.0565	16.0702	16.1667	16.0261	-0.15
2017-4-4	16.08	16.0906	16.112	15.9977	-0.14
2017-4-3	16.1018	16.1631	16.2049	16.0818	-0.45
2017-3-31	16.1745	16.2352	16.2828	16.1384	-0.44
2017-3-30	16.246	16.1097	16.2504	16.094	0.80
2017-3-29	16.1168	16.1453	16.1698	16.0644	-0.24
2017-3-28	16.1558	16.0913	16.166	16.0049	0.34
2017-3-27	16.1017	16.149	16.1682	16.0017	-0.45
2017-3-24	16.1745	16.1048	16.1898	16.059	0.40
2017-3-23	16.1099	16.1389	16.2126	16.059	-0.26
2017-3-22	16.1512	16.2083	16.2433	16.075	-0.44
2017-3-21	16.2227	16.2804	16.3737	16.1851	-0.43
2017-3-20	16.2922	16.3158	16.3548	16.2717	-0.22
2017-3-17	16.3275	16.4179	16.4556	16.2926	-0.61
2017-3-16	16.4272	16.3891	16.4717	16.3572	0.18
2017-3-15	16.397	16.5855	16.6198	16.3601	-1.19
2017-3-14	16.5938	16.6043	16.6574	16.5522	-0.12
2017-3-13	16.6144	16.604	16.645	16.5551	0.04
2017-3-10	16.6075	16.6228	16.7112	16.578	-0.14
2017-3-9	16.6315	16.5322	16.643	16.5243	0.54
2017-3-8	16.5417	16.504	16.5995	16.4582	0.17
2017-3-7	16.5136	16.5048	16.5456	16.4811	0.01
2017-3-6	16.5114	16.5241	16.5496	16.4663	-0.12
2017-3-3	16.5307	16.5936	16.6394	16.4966	-0.45
2017-3-2	16.6047	16.5173	16.6337	16.51	0.48
2017-3-1	16.5253	16.4158	16.574	16.4028	0.63
2017-2-28	16.4216	16.3917	16.4407	16.2571	0.10
2017-2-27	16.4048	16.3073	16.4222	16.2654	0.44
2017-2-24	16.3327	16.3901	16.4533	16.2811	-0.40
2017-2-23	16.3986	16.4675	16.5052	16.3799	-0.45
2017-2-22	16.4727	16.5048	16.5281	16.4091	-0.25
2017-2-21	16.5143	16.4308	16.5283	16.4308	0.44
2017-2-20	16.4426	16.426	16.4947	16.4143	0.02
2017-2-17	16.4385	16.5147	16.5652	16.3884	-0.50
2017-2-16	16.5218	16.6053	16.6429	16.4914	-0.56
2017-2-15	16.6152	16.6259	16.7221	16.5602	-0.14
2017-2-14	16.6379	16.5161	16.6728	16.4685	0.66
2017-2-13	16.5292	16.4707	16.6058	16.4634	0.42
2017-2-10	16.4593	16.4758	16.5648	16.4024	-0.17
2017-2-9	16.488	16.279	16.5054	16.2485	1.21
2017-2-8	16.2909	16.3145	16.3594	16.2354	-0.21
2017-2-7	16.3248	16.2715	16.3548	16.2318	0.28
2017-2-6	16.2794	16.3493	16.4353	16.254	-0.77
2017-2-3	16.4062	16.3755	16.5177	16.3333	0.09
2017-2-2	16.3922	16.4438	16.4734	16.2681	-0.40
2017-2-1	16.4576	16.377	16.5606	16.3523	0.40
2017-1-31	16.3922	16.5149	16.562	16.2695	-0.85
2017-1-30	16.5331	16.711	16.732	16.4714	-1.13
2017-1-27	16.7228	16.6296	16.7677	16.6079	0.48
2017-1-26	16.6428	16.4479	16.6923	16.413	1.13
2017-1-25	16.4572	16.5814	16.617	16.4142	-0.80
2017-1-24	16.5892	16.4355	16.6066	16.4063	0.89
2017-1-23	16.443	16.6206	16.6441	16.4311	-1.36
2017-1-20	16.6693	16.7067	16.7778	16.5974	-0.29
2017-1-19	16.7174	16.7524	16.8266	16.6487	-0.29
2017-1-18	16.7663	16.4207	16.781	16.4134	2.03
2017-1-17	16.4321	16.5399	16.5721	16.4178	-0.70
2017-1-16	16.5484	16.5925	16.6025	16.4889	-0.29
2017-1-13	16.5973	16.6377	16.7322	16.5445	-0.28
2017-1-12	16.6444	16.6306	16.659	16.4993	0.06
2017-1-11	16.635	16.7177	16.8455	16.462	-0.55
2017-1-10	16.7262	16.7161	16.8026	16.6313	0.01
2017-1-9	16.7243	16.8823	16.9566	16.7089	-1.01
2017-1-6	16.895	16.7329	16.9339	16.6894	0.91
2017-1-5	16.7424	16.8982	16.9587	16.7126	-0.98
2017-1-4	16.9089	16.906	17.0018	16.8665	-0.05
2017-1-3	16.9166	16.9181	17.0401	16.827	-0.03
2017-1-2	16.9222	16.8461	16.9453	16.8001	0.54
2016-12-30	16.8316	16.75	16.8723	16.6767	0.45
2016-12-29	16.7564	16.8381	16.8459	16.7091	-0.55
2016-12-28	16.8485	16.8778	16.9398	16.8079	-0.24
2016-12-27	16.8896	16.8437	16.9212	16.8408	0.23
2016-12-26	16.8501	16.8801	16.8953	16.8314	-0.26
2016-12-23	16.8937	16.8994	16.9303	16.8556	-0.10
2016-12-22	16.9112	16.9251	16.9697	16.8591	-0.13
2016-12-21	16.9328	16.9456	16.9864	16.8468	-0.14
2016-12-20	16.9563	16.8269	17.0219	16.8097	0.71
2016-12-19	16.8372	16.9268	16.9572	16.7479	-0.68
2016-12-16	16.952	17.009	17.05	16.8651	-0.39
2016-12-15	17.0177	16.9379	17.1105	16.8948	0.40
2016-12-14	16.9499	16.6778	17.0006	16.6097	1.56
2016-12-13	16.6894	16.6457	16.7367	16.6023	0.21
2016-12-12	16.6536	16.6717	16.7995	16.6182	-0.31
2016-12-9	16.7062	16.5635	16.7062	16.5491	0.79
2016-12-8	16.5753	16.5233	16.626	16.4411	0.25
2016-12-7	16.5344	16.5548	16.6125	16.4725	-0.20
2016-12-6	16.5672	16.5357	16.6131	16.4805	0.13
2016-12-5	16.5449	16.4761	16.6836	16.3774	0.31
2016-12-2	16.4931	16.5544	16.5929	16.4427	-0.44
2016-12-1	16.5665	16.6096	16.6753	16.5081	-0.33
2016-11-30	16.6208	16.2848	16.6338	16.2341	2.00
2016-11-29	16.2945	16.1907	16.4265	16.1429	0.57
2016-11-28	16.2019	16.3291	16.3505	16.1324	-0.85
2016-11-25	16.3415	16.3684	16.4752	16.259	-0.23
2016-11-24	16.3796	16.2508	16.4218	16.232	0.76
2016-11-23	16.256	16.1216	16.3268	16.0767	0.78
2016-11-22	16.1306	16.0724	16.1625	15.9897	0.32
2016-11-21	16.0791	16.0943	16.1617	16.0139	-0.17
2016-11-18	16.1062	15.998	16.1106	15.935	0.61
2016-11-17	16.0092	15.8401	16.0222	15.7631	0.99
2016-11-16	15.853	15.908	15.9634	15.8357	-0.40
2016-11-15	15.9169	15.8286	15.943	15.7276	0.51
2016-11-14	15.8358	15.6294	15.8562	15.6265	1.13
2016-11-11	15.6594	15.6956	15.7227	15.5653	-0.29
2016-11-10	15.7052	15.5755	15.7358	15.4568	0.77
2016-11-9	15.5848	15.4798	15.6203	14.9615	0.59
2016-11-8	15.4934	15.4059	15.5022	15.3797	0.51
2016-11-7	15.4155	15.2556	15.4604	15.2496	0.98
2016-11-4	15.2654	15.2157	15.2942	15.1906	0.27
2016-11-3	15.2241	15.2803	15.3124	15.1695	-0.42
2016-11-2	15.2885	15.3796	15.3952	15.2359	-0.68
2016-11-1	15.3927	15.463	15.5276	15.3294	-0.50
2016-10-31	15.4697	15.4352	15.5303	15.3703	0.16
2016-10-28	15.4456	15.5073	15.5715	15.4028	-0.46
2016-10-27	15.5177	15.4245	15.5265	15.3854	0.57
2016-10-26	15.4294	15.3602	15.4516	15.3293	0.38
2016-10-25	15.3705	15.37	15.4638	15.3426	-0.05
2016-10-24	15.3775	15.3398	15.3996	15.3152	0.21
2016-10-21	15.345	15.4029	15.448	15.2959	-0.43
2016-10-20	15.4113	15.3497	15.4361	15.3319	0.38
2016-10-19	15.3526	15.4024	15.4216	15.3064	-0.36
2016-10-18	15.408	15.411	15.4601	15.3783	-0.08
2016-10-17	15.4204	15.4606	15.5176	15.3947	-0.42
2016-10-14	15.4848	15.4056	15.5346	15.3908	0.46
2016-10-13	15.4138	15.5045	15.5767	15.3522	-0.62
2016-10-12	15.5098	15.3888	15.5513	15.3532	0.72
2016-10-11	15.3994	15.4379	15.5068	15.3368	-0.30
2016-10-10	15.4462	15.4539	15.4921	15.3369	0.13
2016-10-7	15.4259	15.5707	15.5952	15.4074	-0.99
2016-10-6	15.5795	15.5033	15.6124	15.4793	0.42
2016-10-5	15.5143	15.4119	15.5398	15.379	0.59
2016-10-4	15.4229	15.2247	15.4349	15.2127	1.23
2016-10-3	15.2355	15.1842	15.2414	15.1602	0.30
2016-9-30	15.1905	15.1466	15.2642	15.101	0.25
2016-9-29	15.1524	15.0765	15.2769	15.069	0.48
2016-9-28	15.0806	15.0513	15.1192	15.0243	0.14
2016-9-27	15.0589	15.0401	15.1445	15.0041	0.09
2016-9-26	15.0452	15.1412	15.1612	15.0266	-0.65
2016-9-23	15.1429	15.1097	15.1895	15.0881	0.17
2016-9-22	15.1167	15.0284	15.1452	14.9924	0.54
2016-9-21	15.035	15.2382	15.4087	15.0239	-1.37
2016-9-20	15.2443	15.2773	15.3071	15.2188	-0.27
2016-9-19	15.286	15.3116	15.3502	15.2188	-0.28
2016-9-16	15.3289	15.2891	15.3558	15.2367	0.20
2016-9-15	15.2989	15.34	15.3963	15.2666	-0.32
2016-9-14	15.3483	15.3492	15.4993	15.3116	-0.04
2016-9-13	15.3541	15.2436	15.3839	15.1762	0.70
2016-9-12	15.2474	15.3737	15.3954	15.1972	-0.85
2016-9-9	15.378	15.377	15.4255	15.2698	0.00
2016-9-8	15.3784	15.2633	15.3963	15.2055	0.71
2016-9-7	15.2698	15.272	15.2979	15.1597	-0.08
2016-9-6	15.2819	15.4847	15.5485	15.2585	-1.36
2016-9-5	15.4922	15.5552	15.5882	15.4406	-0.48
2016-9-2	15.5662	15.4711	15.6171	15.3986	0.59
2016-9-1	15.4754	15.4782	15.5686	15.4283	-0.06
2016-8-31	15.4844	15.4013	15.5027	15.3848	0.47
2016-8-30	15.4113	15.2591	15.4382	15.2336	0.98
2016-8-29	15.2619	15.2529	15.3428	15.2461	-0.01
2016-8-26	15.2641	15.0859	15.279	14.9903	1.12
2016-8-25	15.0955	15.0738	15.1232	15.0645	0.08
2016-8-24	15.084	15.0858	15.1336	15.0402	-0.07
2016-8-23	15.0951	15.0754	15.1082	15.0318	0.06
2016-8-22	15.0864	15.0884	15.17	15.0573	0.15
2016-8-19	15.0635	15.0572	15.1469	15.0278	0.00
2016-8-18	15.0629	15.1087	15.1599	15.0123	-0.34
2016-8-17	15.1137	15.1357	15.2645	15.0726	-0.17
2016-8-16	15.1395	15.2493	15.2607	15.0327	-0.75
2016-8-15	15.2538	15.2328	15.2871	15.186	-0.09
2016-8-12	15.2675	15.3789	15.4273	15.1876	-0.75
2016-8-11	15.3833	15.2483	15.3984	15.2076	0.82
2016-8-10	15.2585	15.2995	15.3217	15.2102	-0.33
2016-8-9	15.3095	15.3742	15.3927	15.283	-0.45
2016-8-8	15.3789	15.272	15.4106	15.272	0.55
2016-8-5	15.295	15.2312	15.3325	15.1749	0.37
2016-8-4	15.2389	15.2535	15.3191	15.2019	-0.13
2016-8-3	15.2595	15.2145	15.3122	15.1787	0.23
2016-8-2	15.2243	15.4055	15.4724	15.1799	-1.22
2016-8-1	15.4119	15.3745	15.4811	15.3603	0.22
2016-7-29	15.3788	15.8089	15.8253	15.358	-2.77
2016-7-28	15.8164	15.7944	15.8556	15.6858	0.09
2016-7-27	15.8021	15.6764	15.9734	15.6704	0.74
2016-7-26	15.6857	15.8397	15.8624	15.572	-0.97
2016-7-25	15.8395	15.8746	15.9736	15.8277	-0.26
2016-7-22	15.8807	15.8443	15.9399	15.8053	0.19
2016-7-21	15.8513	15.9952	16.0965	15.788	-0.93
2016-7-20	16.0001	15.8385	16.0286	15.7937	0.96
2016-7-19	15.8483	15.8236	15.9183	15.7625	0.09
2016-7-18	15.8342	15.7465	15.849	15.6941	1.02
2016-7-15	15.6748	15.7515	15.9128	15.6359	-0.55
2016-7-14	15.7618	15.6187	15.8529	15.5425	0.85
2016-7-13	15.6282	15.6432	15.6841	15.5305	-0.16
2016-7-12	15.6529	15.3507	15.6947	15.2955	1.92
2016-7-11	15.358	15.0188	15.373	15.0188	2.16
2016-7-8	15.0335	15.0768	15.1451	14.9493	-0.34
2016-7-7	15.0852	15.1299	15.1558	15.0459	-0.35
2016-7-6	15.1389	15.2223	15.2374	14.967	-0.59
2016-7-5	15.2291	15.3792	15.3935	15.1804	-1.03
2016-7-4	15.3879	15.3995	15.4374	15.3642	-0.11
2016-7-1	15.4041	15.5258	15.5515	15.3753	-0.85
2016-6-30	15.5369	15.4854	15.543	15.3858	0.28
2016-6-29	15.4932	15.4483	15.5129	15.3489	0.23
2016-6-28	15.457	15.3238	15.4706	15.2547	0.79
2016-6-27	15.3355	15.4014	15.4675	15.239	-0.67
2016-6-24	15.4384	16.128	16.2532	14.9835	-4.35
2016-6-23	16.1397	15.8647	16.1442	15.8294	1.68
2016-6-22	15.873	15.8891	15.9456	15.8354	-0.13
2016-6-21	15.8938	15.7968	15.9424	15.7466	0.58
2016-6-20	15.8027	15.827	15.9273	15.7755	-0.01
2016-6-17	15.8043	15.8098	15.91	15.7876	-0.06
2016-6-16	15.814	16.0969	16.1057	15.7308	-1.82
2016-6-15	16.1073	16.0758	16.1613	16.0149	0.13
2016-6-14	16.0866	16.1254	16.1604	16.0197	-0.29
2016-6-13	16.1328	16.2836	16.2956	16.0537	-1.05
2016-6-10	16.3039	16.311	16.3481	16.2272	-0.10
2016-6-9	16.3206	16.2927	16.3343	16.183	0.11
2016-6-8	16.3026	16.3314	16.3474	16.2277	-0.21
2016-6-7	16.3372	16.3788	16.4209	16.3025	-0.30
2016-6-6	16.3862	16.2098	16.403	16.1976	0.98
2016-6-3	16.2267	16.5252	16.5889	16.2174	-1.86
2016-6-2	16.5335	16.6563	16.6752	16.4688	-0.76
2016-6-1	16.6607	16.8053	16.8229	16.5686	-0.93
2016-5-31	16.8178	16.8704	16.9263	16.775	-0.37
2016-5-30	16.8807	16.8165	16.9368	16.8073	0.51
2016-5-27	16.7958	16.7317	16.8309	16.6768	0.33
2016-5-26	16.7401	16.8088	16.828	16.6883	-0.46
2016-5-25	16.8171	16.7675	16.8352	16.7414	0.26
2016-5-24	16.774	16.6542	16.794	16.6466	0.67
2016-5-23	16.6626	16.8074	16.8387	16.6329	-0.93
2016-5-20	16.8194	16.7863	16.8876	16.7679	0.14
2016-5-19	16.7963	16.8455	16.8719	16.7496	-0.33
2016-5-18	16.8525	16.7264	16.8633	16.6621	0.69
2016-5-17	16.7375	16.7091	16.813	16.6725	0.11
2016-5-16	16.7186	16.6093	16.7308	16.5909	0.54
2016-5-13	16.6281	16.7191	16.7719	16.6078	-0.61
2016-5-12	16.73	16.6964	16.7843	16.6567	0.19
2016-5-11	16.6983	16.752	16.7752	16.6592	-0.38
2016-5-10	16.7628	16.6155	16.7793	16.6017	0.85
2016-5-9	16.6222	16.4686	16.6802	16.4532	0.86
2016-5-6	16.4804	16.4906	16.527	16.3655	-0.07
2016-5-5	16.492	16.4727	16.5226	16.4113	0.09
2016-5-4	16.4772	16.4164	16.5196	16.3456	0.34
2016-5-3	16.4216	16.4342	16.4503	16.3002	-0.09
2016-5-2	16.4357	16.4141	16.5005	16.3941	0.04
2016-4-29	16.4295	16.6849	16.7034	16.4141	-1.59
2016-4-28	16.695	17.1598	17.2308	16.6463	-2.72
2016-4-27	17.1617	17.1323	17.2079	17.0984	0.11
2016-4-26	17.1425	17.1167	17.1687	17.0346	0.09
2016-4-25	17.1269	17.156	17.2216	17.0572	-0.40
2016-4-22	17.1959	16.8831	17.2005	16.8403	1.83
2016-4-21	16.8862	16.9694	16.9787	16.8574	-0.53
2016-4-20	16.9757	16.9048	16.9834	16.8151	0.39
2016-4-19	16.909	16.7938	16.9395	16.7829	0.61
2016-4-18	16.8066	16.7055	16.8327	16.6335	0.06
2016-4-15	16.7963	16.8672	16.9331	16.7595	-0.47
2016-4-14	16.8759	16.8719	16.9068	16.7929	-0.01
2016-4-13	16.8784	16.7816	16.8981	16.7739	0.54
2016-4-12	16.7882	16.7048	16.8269	16.6909	0.46
2016-4-11	16.711	16.7033	16.7695	16.6337	0.00
2016-4-8	16.7118	16.7337	16.8551	16.6971	-0.19
2016-4-7	16.7439	16.9317	16.9527	16.6517	-1.17
2016-4-6	16.9414	17.0271	17.0887	16.8592	-0.57
2016-4-5	17.0389	17.1785	17.1888	16.97	-0.85
2016-4-4	17.1851	17.2356	17.2576	17.1399	-0.30
2016-4-1	17.236	17.4512	17.4593	17.2171	-1.26
2016-3-31	17.4562	17.3836	17.4624	17.3385	0.38
2016-3-30	17.3897	17.3188	17.4205	17.2617	0.40
2016-3-29	17.3203	17.4227	17.4821	17.3019	-0.66
2016-3-28	17.4345	17.3465	17.4577	17.3388	0.47
2016-3-25	17.3526	17.3257	17.3948	17.2981	0.12
2016-3-24	17.331	17.2638	17.3598	17.2416	0.34
2016-3-23	17.2726	17.3061	17.3674	17.2546	-0.24
2016-3-22	17.3149	17.2518	17.3334	17.1402	0.29
2016-3-21	17.2647	17.2124	17.2693	17.1472	0.14
2016-3-18	17.24	17.2002	17.2709	17.1122	0.22
2016-3-17	17.2023	17.2457	17.3714	17.0666	-0.35
2016-3-16	17.2631	17.3581	17.4567	17.212	-0.64
2016-3-15	17.3743	17.5052	17.5401	17.2805	-0.78
2016-3-14	17.5117	17.5202	17.555	17.459	-0.06
2016-3-11	17.5228	17.3838	17.5325	17.3208	0.77
2016-3-10	17.3886	17.4031	17.5412	17.2977	-0.13
2016-3-9	17.4121	17.3082	17.4198	17.2255	0.57
2016-3-8	17.3129	17.4056	17.418	17.2806	-0.57
2016-3-7	17.4113	17.4791	17.5308	17.3673	-0.39
2016-3-4	17.4799	17.4028	17.5567	17.3373	0.43
2016-3-3	17.4057	17.3153	17.465	17.3077	0.49
2016-3-2	17.3204	17.3934	17.4881	17.2756	-0.46
2016-3-1	17.4005	17.1871	17.431	17.1062	1.20
2016-2-29	17.1941	17.4019	17.4318	17.1795	-1.35
2016-2-26	17.4302	17.2884	17.4302	17.2124	0.78
2016-2-25	17.2947	17.1661	17.3009	17.1202	0.69
2016-2-24	17.1755	17.1709	17.194	16.9931	-0.01
2016-2-23	17.1769	17.3025	17.3331	17.1131	-0.80
2016-2-22	17.315	17.2593	17.3906	17.2179	0.32
2016-2-19	17.259	17.3634	17.3952	17.2087	-0.65
2016-2-18	17.3722	17.473	17.5155	17.345	-0.61
2016-2-17	17.4787	17.4982	17.556	17.369	-0.15
2016-2-16	17.5045	17.6316	17.6625	17.423	-0.75
2016-2-15	17.6374	17.212	17.6605	17.1877	2.40
2016-2-12	17.2234	17.0904	17.2721	16.987	0.71
2016-2-11	17.1017	17.2287	17.2797	16.8745	-0.81
2016-2-10	17.2417	17.5009	17.5351	17.1999	-1.55
2016-2-9	17.5124	17.6134	17.6249	17.3671	-0.62
2016-2-8	17.6219	17.7716	17.8775	17.5116	-0.90
2016-2-5	17.7824	17.78	17.861	17.7065	-0.03
2016-2-4	17.788	17.9247	17.9798	17.7435	-0.77
2016-2-3	17.9254	18.228	18.2477	17.7925	-1.68
2016-2-2	18.2325	18.3888	18.4023	18.2097	-0.86
2016-2-1	18.3912	18.4068	18.4732	18.3402	-0.09
2016-1-29	18.4085	18.066	18.5072	18.018	1.86
2016-1-28	18.0718	18.0396	18.0975	17.9971	0.17
2016-1-27	18.0418	17.9856	18.1026	17.93	0.28
2016-1-26	17.9909	17.978	18.0213	17.8772	0.06
2016-1-25	17.9798	18.0278	18.0663	17.9555	-0.42
2016-1-22	18.0551	17.8874	18.0703	17.8586	0.92
2016-1-21	17.8898	17.7725	17.9065	17.6967	0.64
2016-1-20	17.7756	17.8771	17.8908	17.6204	-0.60
2016-1-19	17.8823	17.8312	17.9538	17.8145	0.26
2016-1-18	17.8367	17.7594	17.8554	17.6972	0.33
2016-1-15	17.7778	17.9057	17.9468	17.6881	-0.76
2016-1-14	17.9131	17.891	17.948	17.7954	0.09
2016-1-13	17.8978	17.892	18.0074	17.8834	-0.01
2016-1-12	17.8996	17.9183	17.965	17.8194	-0.12
2016-1-11	17.9215	17.7932	17.9591	17.6796	0.65
2016-1-8	17.8057	17.8457	18.0685	17.7917	-0.25
2016-1-7	17.8496	18.0637	18.1118	17.7951	-1.22
2016-1-6	18.0694	18.2508	18.2735	18.0375	-1.01
2016-1-5	18.2538	18.2671	18.3605	18.2079	-0.12
2016-1-4	18.276	18.5168	18.5519	18.1564	-1.37
2016-1-1	18.5297	18.5168	18.5297	18.5168	0.00
2015-12-31	18.5289	18.5578	18.5791	18.4721	-0.20
2015-12-30	18.5661	18.5715	18.5967	18.5348	-0.06
2015-12-29	18.5767	18.548	18.5828	18.5202	0.11
2015-12-28	18.5562	18.5631	18.6134	18.5171	-0.21
2015-12-25	18.5946	18.5929	18.6012	18.5374	0.01
2015-12-24	18.5934	18.6594	18.6784	18.5559	-0.40
2015-12-23	18.6684	18.6827	18.6993	18.6409	-0.10
2015-12-22	18.6879	18.6909	18.7272	18.6271	-0.06
2015-12-21	18.6991	18.6966	18.7546	18.64	-0.02
2015-12-18	18.7024	18.8969	19.0504	18.6704	-1.06
2015-12-17	18.9028	18.8731	18.9521	18.8463	0.12
2015-12-16	18.8799	18.8254	18.9123	18.7526	0.25
2015-12-15	18.833	18.7364	18.8547	18.648	0.50
2015-12-14	18.7384	18.7399	18.79	18.628	0.08
2015-12-11	18.7234	18.8809	18.9673	18.6733	-0.87
2015-12-10	18.8884	18.891	18.9436	18.8266	-0.02
2015-12-9	18.8915	19.1487	19.1758	18.8287	-1.39
2015-12-8	19.1571	19.25	19.26	19.116	-0.50
2015-12-7	19.2527	19.2445	19.2683	19.2219	0.05
2015-12-4	19.2429	19.1584	19.2742	19.1373	0.40
2015-12-3	19.1662	19.2599	19.3162	19.1116	-0.49
2015-12-2	19.2608	19.2014	19.3264	19.1905	0.31
2015-12-1	19.2022	19.2367	19.2703	19.1631	-0.20
2015-11-30	19.24	19.1997	19.2806	19.1747	0.16
2015-11-27	19.2097	19.1874	19.2175	19.1185	0.10
2015-11-26	19.1907	19.1966	19.2078	19.1671	-0.09
2015-11-25	19.2075	19.1682	19.2435	19.1277	0.16
2015-11-24	19.1766	19.2237	19.2509	19.1338	-0.26
2015-11-23	19.2268	19.2234	19.3006	19.2128	-0.12
2015-11-20	19.2499	19.2449	19.288	19.2124	0.01
2015-11-19	19.2488	19.3568	19.3702	19.2058	-0.59
2015-11-18	19.3636	19.3461	19.373	19.2894	0.05
2015-11-17	19.3538	19.329	19.3715	19.3038	0.11
2015-11-16	19.3332	19.1905	19.3521	19.1716	0.47
2015-11-13	19.2422	19.2464	19.2987	19.2077	-0.04
2015-11-12	19.2503	19.2927	19.3257	19.237	-0.22
2015-11-11	19.2927	19.3485	19.3689	19.2833	-0.35
2015-11-10	19.3608	19.359	19.4074	19.3323	-0.01
2015-11-9	19.363	19.3899	19.4317	19.3245	-0.12
2015-11-6	19.386	19.1825	19.4063	19.1372	1.05
2015-11-5	19.1849	19.1853	19.2259	19.1214	0.00
2015-11-4	19.1852	19.1055	19.2135	19.0926	0.41
2015-11-3	19.1074	19.053	19.1342	19.0192	0.28
2015-11-2	19.0545	19.0798	19.0877	18.9665	-0.20
2015-10-30	19.092	19.0494	19.1598	18.9687	0.19
2015-10-29	19.0555	19.0386	19.065	18.9569	0.07
2015-10-28	19.0423	18.9545	19.0723	18.9083	0.42
2015-10-27	18.9621	19.0568	19.0644	18.9057	-0.52
2015-10-26	19.0604	19.1281	19.1459	18.9765	-0.37
2015-10-23	19.1312	18.9815	19.1359	18.903	0.78
2015-10-22	18.9824	18.8822	18.9981	18.8105	0.48
2015-10-21	18.8918	18.8744	18.9286	18.8587	0.08
2015-10-20	18.8772	18.7829	18.8992	18.7551	0.48
2015-10-19	18.7867	18.8043	18.8128	18.7148	-0.09
2015-10-16	18.8027	18.7316	18.8405	18.7021	0.37
2015-10-15	18.734	18.7126	18.7849	18.5992	0.07
2015-10-14	18.7202	18.8762	18.8933	18.6827	-0.85
2015-10-13	18.8803	18.9787	18.9875	18.8447	-0.55
2015-10-12	18.9839	18.9489	19.0261	18.9189	0.15
2015-10-9	18.9551	18.8747	18.9709	18.8563	0.41
2015-10-8	18.8772	18.8792	18.9008	18.8258	-0.03
2015-10-7	18.882	18.9107	18.9371	18.8352	-0.20
2015-10-6	18.919	18.9516	18.9709	18.8918	-0.17
2015-10-5	18.952	18.8745	18.9677	18.8556	0.46
2015-10-2	18.8647	18.8666	18.9449	18.67	-0.02
2015-10-1	18.8694	18.8485	18.9261	18.7974	0.07
2015-9-30	18.8553	18.8088	18.9355	18.7997	0.21
2015-9-29	18.8156	18.8271	18.8848	18.7288	-0.08
2015-9-28	18.8302	18.9084	18.9194	18.7894	-0.46
2015-9-25	18.9173	18.804	19.0241	18.8009	0.56
2015-9-24	18.8123	18.8367	18.8654	18.6709	-0.17
2015-9-23	18.8449	18.8364	18.8856	18.7344	0.00
2015-9-22	18.8449	18.9244	18.9376	18.7674	-0.44
2015-9-21	18.9273	18.8272	18.9462	18.7913	0.39
2015-9-18	18.8544	18.8426	18.8965	18.6984	0.02
2015-9-17	18.851	18.916	19.0096	18.8096	-0.39
2015-9-16	18.9243	18.8966	18.951	18.848	0.09
2015-9-15	18.9074	18.8762	18.9497	18.7384	0.14
2015-9-14	18.8814	18.8991	18.9561	18.8134	-0.17
2015-9-11	18.9145	18.9105	18.99	18.8801	0.01
2015-9-10	18.9135	18.8923	19.0279	18.7809	0.10
2015-9-9	18.8952	18.8123	19.0065	18.8076	0.42
2015-9-8	18.816	18.7314	18.8954	18.6546	0.42
2015-9-7	18.7366	18.6836	18.7929	18.6789	0.07
2015-9-4	18.7235	18.885	18.9108	18.6805	-0.89
2015-9-3	18.8919	18.926	18.991	18.8173	-0.21
2015-9-2	18.9312	18.7512	18.9375	18.7245	0.93
2015-9-1	18.7564	19.0095	19.0242	18.7339	-1.34
2015-8-31	19.0115	19.0361	19.0538	18.9421	-0.21
2015-8-28	19.0522	18.8862	19.0553	18.8721	0.83
2015-8-27	18.8961	18.6979	18.9523	18.6807	1.02
2015-8-26	18.7046	18.5208	18.7217	18.4631	0.92
2015-8-25	18.5346	18.4814	18.7762	18.4564	0.24
2015-8-24	18.4904	19.0452	19.1059	18.1801	-3.19
2015-8-21	19.0997	19.3099	19.3268	19.064	-1.12
2015-8-20	19.3152	19.3527	19.4294	19.2958	-0.22
2015-8-19	19.358	19.4517	19.4659	19.3371	-0.51
2015-8-18	19.4571	19.4459	19.4893	19.3815	0.03
2015-8-17	19.452	19.4578	19.4852	19.4177	0.01
2015-8-14	19.4491	19.439	19.4733	19.3983	0.02
2015-8-13	19.4449	19.435	19.4777	19.2772	-0.01
2015-8-12	19.4473	19.774	19.8037	19.2862	-1.70
2015-8-11	19.7839	20.0663	20.1197	19.6859	-1.43
2015-8-10	20.0703	19.9865	20.0977	19.9849	0.33
2015-8-7	20.005	20.0876	20.1418	19.9784	-0.41
2015-8-6	20.0879	20.1056	20.125	20.0522	-0.13
2015-8-5	20.1138	20.0271	20.1348	19.9671	0.41
2015-8-4	20.0311	19.9655	20.0343	19.9292	0.28
2015-8-3	19.9744	19.9684	20.0162	19.9382	0.08
2015-7-31	19.959	19.9929	20.0313	19.8879	-0.17
2015-7-30	19.9922	19.9594	20.0632	19.9465	0.16
2015-7-29	19.9605	19.8957	19.9751	19.8557	0.31
2015-7-28	19.8988	19.8473	19.9392	19.8135	0.26
2015-7-27	19.8478	19.9224	19.947	19.8039	-0.46
2015-7-24	19.9402	19.952	19.9885	19.8998	-0.08
2015-7-23	19.9557	19.9597	20.0024	19.9098	-0.04
2015-7-22	19.9641	19.9449	19.9979	19.8963	0.06
2015-7-21	19.9515	20.0097	20.0495	19.9256	-0.30
2015-7-20	20.0113	19.9758	20.0322	19.9597	0.15
2015-7-17	19.9815	19.9932	20.0101	19.9485	-0.06
2015-7-16	19.9943	19.9285	20.0008	19.9205	0.30
2015-7-15	19.935	19.8679	19.9688	19.847	0.32
2015-7-14	19.8714	19.8786	19.9321	19.7955	-0.06
2015-7-13	19.8828	19.6479	19.9004	19.6479	0.57
2015-7-10	19.7697	19.5385	19.7923	19.5256	1.15
2015-7-9	19.544	19.4389	19.5827	19.397	0.53
2015-7-8	19.4405	19.7304	19.7433	19.3874	-1.48
2015-7-7	19.7321	19.7378	19.7946	19.6419	-0.05
2015-7-6	19.741	19.6642	19.8006	19.6111	-0.25
2015-7-3	19.7907	19.8276	19.8525	19.748	-0.22
2015-7-2	19.8342	19.8578	19.9438	19.8131	-0.14
2015-7-1	19.8623	19.7452	19.8752	19.7243	0.54
2015-6-30	19.7549	19.7343	19.7742	19.6582	0.09
2015-6-29	19.7367	19.7585	19.8391	19.6618	-1.06
2015-6-26	19.9476	19.9021	19.9687	19.8367	0.20
2015-6-25	19.9085	19.9481	19.9703	19.8538	-0.22
2015-6-24	19.953	19.9662	20.0384	19.924	-0.09
2015-6-23	19.9708	19.8631	20.0095	19.8567	0.51
2015-6-22	19.8687	19.7746	19.8801	19.7311	0.57
2015-6-19	19.756	19.8045	19.8526	19.7295	-0.26
2015-6-18	19.808	19.8725	19.905	19.7255	-0.35
2015-6-17	19.8773	19.866	20.0399	19.8354	0.04
2015-6-16	19.8694	19.8728	19.9387	19.8547	-0.04
2015-6-15	19.8776	19.8663	19.9178	19.8277	0.02
2015-6-12	19.8742	19.8801	19.9486	19.8293	-0.06
2015-6-11	19.8852	19.7664	20.0028	19.7551	0.59
2015-6-10	19.7679	20.03	20.0868	19.7274	-1.34
2015-6-9	20.0365	20.0554	20.1054	19.9526	-0.12
2015-6-8	20.0602	20.2405	20.2583	20.0264	-0.94
2015-6-5	20.251	20.0516	20.2897	20.0335	0.97
2015-6-4	20.0571	20.0452	20.1087	19.9571	0.04
2015-6-3	20.0483	20.0232	20.1193	19.9713	0.12
2015-6-2	20.0245	20.121	20.1735	19.9635	-0.51
2015-6-1	20.1266	20.0206	20.1508	19.9742	0.49
2015-5-29	20.0289	19.9848	20.0402	19.9262	0.20
2015-5-28	19.9888	19.9323	20.0727	19.9097	0.24
2015-5-27	19.9417	19.834	20.0078	19.7834	0.50
2015-5-26	19.8432	19.5954	19.8819	19.5841	1.24
2015-5-25	19.6001	19.6011	19.6527	19.5744	-0.06
2015-5-22	19.6123	19.5263	19.617	19.4539	0.41
2015-5-21	19.5327	19.5541	19.5718	19.4946	-0.15
2015-5-20	19.5617	19.4429	19.5826	19.4235	0.59
2015-5-19	19.4461	19.3379	19.4525	19.3048	0.55
2015-5-18	19.34	19.2167	19.3479	19.207	0.62
2015-5-15	19.2214	19.2089	19.3277	19.199	0.03
2015-5-14	19.2154	19.2026	19.2477	19.1648	0.05
2015-5-13	19.2051	19.3036	19.3317	19.18	-0.52
2015-5-12	19.3054	19.3331	19.3721	19.2875	-0.17
2015-5-11	19.3378	19.2661	19.3523	19.2306	0.23
2015-5-8	19.2942	19.2901	19.3651	19.2548	0.01
2015-5-7	19.2917	19.261	19.3143	19.1774	0.13
2015-5-6	19.2675	19.3062	19.3525	19.2207	-0.25
2015-5-5	19.3166	19.3413	19.4214	19.2885	-0.16
2015-5-4	19.3485	19.3672	19.3905	19.3204	-0.13
2015-5-1	19.3743	19.2414	19.3937	19.2366	0.68
2015-4-30	19.2437	19.1913	19.3325	19.0908	0.22
2015-4-29	19.2022	19.1538	19.257	19.1267	0.22
2015-4-28	19.1594	19.1334	19.2062	19.1285	0.09
2015-4-27	19.1414	19.2089	19.23	19.1125	-0.36
2015-4-24	19.2112	19.2949	19.3117	19.1799	-0.45
2015-4-23	19.2972	19.3575	19.3922	19.2658	-0.32
2015-4-22	19.3599	19.2937	19.3696	19.2622	0.32
2015-4-21	19.2977	19.2115	19.3251	19.2115	0.39
2015-4-20	19.2227	19.1675	19.263	19.1054	0.19
2015-4-17	19.1867	19.1991	19.2448	19.1255	-0.11
2015-4-16	19.2069	19.197	19.2871	19.1438	0.03
2015-4-15	19.2017	19.2199	19.2985	19.1342	-0.09
2015-4-14	19.2198	19.3143	19.339	19.1635	-0.54
2015-4-13	19.3246	19.3574	19.4436	19.2564	-0.21
2015-4-10	19.3646	19.4312	19.44	19.3316	-0.35
2015-4-9	19.4328	19.3648	19.4602	19.3087	0.33
2015-4-8	19.3696	19.4045	19.4254	19.2842	-0.22
2015-4-7	19.4117	19.2961	19.4408	19.2783	0.58
2015-4-6	19.3001	19.2008	19.3243	19.175	0.47
2015-4-3	19.2096	19.3168	19.3377	19.1621	-0.56
2015-4-2	19.3182	19.3183	19.3488	19.2691	-0.02
2015-4-1	19.3218	19.371	19.4179	19.2597	-0.29
2015-3-31	19.3782	19.3411	19.4047	19.3161	0.17
2015-3-30	19.3451	19.165	19.3709	19.1602	0.92
2015-3-27	19.169	19.1876	19.2366	19.1312	-0.12
2015-3-26	19.1923	19.2319	19.2512	19.0444	-0.23
2015-3-25	19.2366	19.2955	19.3147	19.19	-0.33
2015-3-24	19.2995	19.263	19.3364	19.2101	0.16
2015-3-23	19.2686	19.342	19.3689	19.2405	-0.39
2015-3-20	19.3442	19.4933	19.5347	19.3146	-0.78
2015-3-19	19.4964	19.2764	19.5369	19.2074	1.12
2015-3-18	19.2803	19.4176	19.4787	19.1624	-0.72
2015-3-17	19.42	19.3709	19.4417	19.3661	0.23
2015-3-16	19.3748	19.3866	19.4081	19.331	-0.10
2015-3-13	19.3937	19.3617	19.4284	19.3451	0.12
2015-3-12	19.3696	19.3859	19.4321	19.2659	-0.12
2015-3-11	19.3938	19.3389	19.4226	19.2974	0.25
2015-3-10	19.3445	19.3391	19.4817	19.307	0.02
2015-3-9	19.3415	19.2879	19.383	19.2528	0.24
2015-3-6	19.2958	19.1692	19.3676	19.1357	0.63
2015-3-5	19.1747	19.0796	19.2162	19.0716	0.47
2015-3-4	19.0859	19.0801	19.109	19.0387	0.02
2015-3-3	19.0825	19.1487	19.1734	19.0211	-0.36
2015-3-2	19.1519	19.0679	19.1615	19.0679	0.45
2015-2-27	19.0666	19.0769	19.1113	18.9944	-0.07
2015-2-26	19.08	18.9884	19.0945	18.9555	0.48
2015-2-25	18.9891	19.0166	19.0253	18.9456	-0.17
2015-2-24	19.0213	18.9926	19.1587	18.9814	0.14
2015-2-23	18.9949	19.023	19.0812	18.9766	-0.18
2015-2-20	19.0293	19.0118	19.0564	18.9063	0.07
2015-2-19	19.0157	18.9878	19.054	18.935	0.13
2015-2-18	18.9909	19.0581	19.0916	18.9462	-0.40
2015-2-17	19.0677	18.9572	19.0932	18.9133	0.56
2015-2-16	18.962	19.0267	19.0475	18.9252	-0.36
2015-2-13	19.0303	19.0713	19.1057	18.9689	-0.23
2015-2-12	19.0736	19.293	19.2969	18.9736	-1.16
2015-2-11	19.2969	19.1316	19.3017	19.1076	0.84
2015-2-10	19.1364	18.9893	19.1669	18.9484	0.76
2015-2-9	18.9916	19.0824	19.0895	18.9381	-0.33
2015-2-6	19.0551	18.7938	19.0967	18.7621	1.36
2015-2-5	18.7993	18.7638	18.8121	18.707	0.15
2015-2-4	18.7709	18.7831	18.8892	18.7334	-0.09
2015-2-3	18.7878	18.7862	18.8181	18.6749	0.01
2015-2-2	18.7861	18.7905	18.8306	18.6625	-0.04
2015-1-30	18.7928	18.9361	18.9656	18.7633	-0.76
2015-1-29	18.9368	18.8093	18.972	18.7821	0.65
2015-1-28	18.814	18.8741	18.9584	18.7645	-0.35
2015-1-27	18.8804	18.9384	18.9785	18.7892	-0.32
2015-1-26	18.9407	18.9051	18.9487	18.7771	0.17
2015-1-23	18.9092	19.082	19.1424	18.8666	-0.92
2015-1-22	19.0844	18.9851	19.1134	18.8823	0.50
2015-1-21	18.9899	19.1156	19.1284	18.8612	-0.68
2015-1-20	19.1197	18.8987	19.1326	18.8955	1.14
2015-1-19	18.9034	18.9448	18.9577	18.7998	-0.26
2015-1-16	18.9528	18.7702	18.9754	18.6924	0.95
2015-1-15	18.7741	18.9342	19.0454	18.767	-0.86
2015-1-14	18.9374	19.0271	19.0351	18.7292	-0.48
2015-1-13	19.0286	19.0741	19.1658	18.9626	-0.26
2015-1-12	19.0789	19.0852	19.2385	19.0208	-0.06
2015-1-9	19.0908	19.2524	19.295	19.0691	-0.85
2015-1-8	19.2548	19.1898	19.2951	19.1737	0.31
2015-1-7	19.1946	19.0553	19.2574	19.0472	0.72
2015-1-6	19.0576	19.2265	19.2337	18.9973	-0.91
2015-1-5	19.2321	19.4052	19.4302	19.1895	-0.95
2015-1-2	19.4172	19.2957	19.4575	19.2844	0.60
2015-1-1	19.302	19.278	19.3149	19.2731	0.08
2014-12-31	19.2867	19.26	19.331	19.2119	0.11
2014-12-30	19.2647	19.3868	19.398	19.16	-0.66
2014-12-29	19.3933	19.3695	19.4114	19.2934	0.07
2014-12-26	19.3798	19.3756	19.4359	19.347	0.00
2014-12-25	19.3803	19.3845	19.4108	19.3422	-0.04
2014-12-24	19.3884	19.3845	19.4014	19.2961	0.02
2014-12-23	19.3845	19.1926	19.4086	19.1606	0.45
2014-12-22	19.2975	19.1926	19.3023	19.1606	0.44
2014-12-19	19.2135	19.1199	19.2344	19.0723	0.48
2014-12-18	19.1223	19.14	19.2052	19.0218	-0.13
2014-12-17	19.1471	18.8029	19.1874	18.7868	1.80
2014-12-16	18.8077	19.0276	19.0662	18.6688	-1.18
2014-12-15	19.0332	19.2375	19.2447	18.9856	-0.88
2014-12-12	19.2019	19.1692	19.252	19.0759	0.14
2014-12-11	19.1756	19.073	19.321	19.0115	0.55
2014-12-10	19.0713	19.336	19.3603	19.0568	-1.41
2014-12-9	19.3438	19.5497	19.6061	19.0517	-1.07
2014-12-8	19.5521	19.7441	19.8148	19.4671	-0.97
2014-12-5	19.7432	19.4554	19.7872	19.4424	1.44
2014-12-4	19.4627	19.4768	19.539	19.3856	-0.08
2014-12-3	19.4783	19.3821	19.493	19.3595	0.48
2014-12-2	19.3862	19.2426	19.4007	19.2117	0.73
2014-12-1	19.2449	19.3183	19.3759	19.1564	-0.35
2014-11-28	19.3126	19.1719	19.3385	19.1703	0.73
2014-11-27	19.173	19.1742	19.2056	19.0937	-0.02
2014-11-26	19.1773	19.2228	19.2259	19.1237	-0.25
2014-11-25	19.2251	19.2521	19.3082	19.1614	-0.17
2014-11-24	19.2577	19.2232	19.2935	19.1768	0.12
2014-11-21	19.2346	19.2978	19.3321	19.1596	-0.37
2014-11-20	19.3052	19.2712	19.4248	19.2227	0.13
2014-11-19	19.2794	19.0892	19.2925	19.081	0.98
2014-11-18	19.0924	19.0451	19.12	19.0042	0.24
2014-11-17	19.047	18.9821	19.0949	18.8452	0.40
2014-11-14	18.9706	18.8987	19.0602	18.8905	0.38
2014-11-13	18.8994	18.847	18.9222	18.8236	0.26
2014-11-12	18.851	18.8996	18.9428	18.7507	-0.28
2014-11-11	18.9044	18.7663	18.9567	18.7225	0.72
2014-11-10	18.7695	18.6951	18.7793	18.606	0.33
2014-11-7	18.7073	18.8476	18.8794	18.6559	-0.76
2014-11-6	18.85	18.7489	18.8887	18.664	0.53
2014-11-5	18.7512	18.5725	18.7856	18.5414	0.94
2014-11-4	18.5765	18.6376	18.6416	18.5022	-0.34
2014-11-3	18.6408	18.3972	18.6686	18.389	1.44
2014-10-31	18.3758	17.8594	18.4037	17.8496	2.88
2014-10-30	17.8608	17.8134	17.9033	17.789	0.24
2014-10-29	17.8181	17.6887	17.8312	17.6579	0.71
2014-10-28	17.6919	17.6247	17.6985	17.6135	0.37
2014-10-27	17.627	17.6745	17.7175	17.5871	-0.31
2014-10-24	17.6817	17.6895	17.7017	17.6168	-0.06
2014-10-23	17.6918	17.5092	17.7081	17.5002	1.02
2014-10-22	17.5123	17.4794	17.5517	17.4471	0.18
2014-10-21	17.48	17.463	17.4881	17.3511	0.08
2014-10-20	17.4661	17.4654	17.538	17.4336	0.08
2014-10-17	17.452	17.3594	17.4634	17.313	0.50
2014-10-16	17.3657	17.2844	17.3886	17.2271	0.43
2014-10-15	17.2913	17.4747	17.556	17.1669	-1.06
2014-10-14	17.4769	17.4372	17.5266	17.4094	0.18
2014-10-13	17.4459	17.5493	17.5667	17.4274	-0.66
2014-10-10	17.5615	17.5894	17.6441	17.5445	-0.17
2014-10-9	17.5918	17.6008	17.6488	17.5356	-0.08
2014-10-8	17.6062	17.5959	17.7122	17.5487	0.05
2014-10-7	17.5982	17.7181	17.7952	17.5601	-0.70
2014-10-6	17.7228	17.876	17.897	17.6953	-0.88
2014-10-3	17.8807	17.6576	17.9053	17.6446	1.23
2014-10-2	17.6631	17.7358	17.7788	17.5908	-0.43
2014-10-1	17.7397	17.858	17.9368	17.7293	-0.69
2014-9-30	17.8635	17.8002	17.8961	17.7614	0.34
2014-9-29	17.8025	17.8145	17.8756	17.74	-0.19
2014-9-26	17.8363	17.7218	17.8771	17.6729	0.63
2014-9-25	17.7241	17.7597	17.8202	17.6795	-0.24
2014-9-24	17.7663	17.7364	17.7891	17.6631	0.14
2014-9-23	17.7417	17.7186	17.7596	17.6275	0.09
2014-9-22	17.7258	17.7538	17.7828	17.6947	-0.17
2014-9-19	17.7568	17.6926	17.8393	17.6772	0.30
2014-9-18	17.7038	17.6513	17.7477	17.6382	0.27
2014-9-17	17.656	17.4303	17.6576	17.4205	1.30
2014-9-16	17.4299	17.4457	17.4534	17.375	-0.11
2014-9-15	17.4495	17.4819	17.5038	17.418	-0.27
2014-9-12	17.4965	17.47	17.513	17.4439	0.13
2014-9-11	17.4731	17.4279	17.4877	17.3876	0.24
2014-9-10	17.4316	17.3008	17.4413	17.2748	0.73
2014-9-9	17.3056	17.2643	17.3529	17.2464	0.22
2014-9-8	17.2674	17.1096	17.2771	17.0819	0.89
2014-9-5	17.1159	17.1434	17.2229	17.0445	-0.19
2014-9-4	17.149	17.0615	17.1653	17.0583	0.48
2014-9-3	17.0663	17.092	17.1368	17.0518	-0.14
2014-9-2	17.0902	16.9882	17.1114	16.9707	0.58
2014-9-1	16.992	16.9328	16.992	16.9328	0.30
2014-8-29	16.9411	16.8818	16.9508	16.8646	0.34
2014-8-28	16.884	16.9073	16.9192	16.8525	-0.14
2014-8-27	16.9072	16.914	16.9318	16.8878	-0.05
2014-8-26	16.9149	16.9039	16.9344	16.8587	0.04
2014-8-25	16.9075	16.9701	16.9802	16.8714	0.06
2014-8-22	16.8975	16.8791	16.9397	16.8205	0.11
2014-8-21	16.8796	16.896	16.9291	16.8368	-0.11
2014-8-20	16.8983	16.754	16.9161	16.7385	0.85
2014-8-19	16.7562	16.6941	16.7627	16.6824	0.35
2014-8-18	16.697	16.6246	16.702	16.6165	0.27
2014-8-15	16.6514	16.6472	16.7115	16.6116	0.00
2014-8-14	16.651	16.6442	16.685	16.6228	0.03
2014-8-13	16.6455	16.6031	16.6667	16.5861	0.24
2014-8-12	16.6061	16.6019	16.6358	16.5722	-0.01
2014-8-11	16.6077	16.5754	16.6142	16.5722	0.18
2014-8-8	16.5784	16.5669	16.5849	16.4827	0.06
2014-8-7	16.5684	16.5636	16.6382	16.5474	0.00
2014-8-6	16.5682	16.6216	16.6402	16.5117	-0.35
2014-8-5	16.6262	16.5982	16.6797	16.5862	0.13
2014-8-4	16.6052	16.5963	16.6287	16.569	-0.01
2014-8-1	16.6073	16.6464	16.6786	16.5558	-0.25
2014-7-31	16.6497	16.6534	16.6837	16.6281	-0.04
2014-7-30	16.6565	16.5216	16.7051	16.5022	0.80
2014-7-29	16.5245	16.456	16.5311	16.4496	0.38
2014-7-28	16.4622	16.4309	16.4731	16.4276	0.09
2014-7-25	16.4479	16.4342	16.4667	16.4071	0.07
2014-7-24	16.4358	16.3661	16.4439	16.3629	0.39
2014-7-23	16.3717	16.3537	16.383	16.3356	0.09
2014-7-22	16.3574	16.3242	16.38	16.321	0.17
2014-7-21	16.3304	16.3292	16.3321	16.2955	0.04
2014-7-18	16.3233	16.3064	16.3571	16.2919	0.09
2014-7-17	16.3086	16.3833	16.3951	16.2984	-0.49
2014-7-16	16.3895	16.3743	16.4087	16.3602	0.06
2014-7-15	16.3796	16.3594	16.3894	16.3357	0.11
2014-7-14	16.3623	16.3402	16.3768	16.3204	0.12
2014-7-11	16.3422	16.3316	16.3482	16.2968	0.03
2014-7-10	16.3378	16.3893	16.4002	16.2881	-0.34
2014-7-9	16.393	16.3754	16.4301	16.3528	0.08
2014-7-8	16.3799	16.4152	16.4262	16.3592	-0.22
2014-7-7	16.4166	16.445	16.4892	16.4023	-0.26
2014-7-4	16.4602	16.4475	16.4618	16.4206	0.06
2014-7-3	16.4505	16.382	16.4633	16.3695	0.37
2014-7-2	16.3897	16.3729	16.401	16.3224	0.09
2014-7-1	16.375	16.3314	16.3863	16.3217	0.26
2014-6-30	16.3327	16.3081	16.3593	16.284	0.19
2014-6-27	16.3022	16.3419	16.3472	16.2778	-0.27
2014-6-26	16.3456	16.3384	16.3568	16.3017	0.03
2014-6-25	16.3409	16.3639	16.3665	16.2967	-0.15
2014-6-24	16.3655	16.3717	16.396	16.3382	-0.07
2014-6-23	16.3762	16.3984	16.4109	16.3403	-0.14
2014-6-20	16.3989	16.3638	16.4198	16.3377	0.21
2014-6-19	16.3642	16.353	16.3893	16.318	0.05
2014-6-18	16.3567	16.4022	16.4279	16.3449	-0.29
2014-6-17	16.4042	16.3477	16.4203	16.3357	0.30
2014-6-16	16.3554	16.43	16.4473	16.3301	-0.50
2014-6-13	16.4378	16.3518	16.4627	16.3405	0.49
2014-6-12	16.3584	16.386	16.4277	16.3309	-0.19
2014-6-11	16.3903	16.4386	16.4524	16.3506	-0.33
2014-6-10	16.4439	16.4271	16.4551	16.3967	0.08
2014-6-9	16.4303	16.3889	16.4444	16.3857	0.21
2014-6-6	16.3963	16.3594	16.4186	16.3329	0.19
2014-6-5	16.3654	16.4347	16.4455	16.3482	-0.44
2014-6-4	16.4382	16.3821	16.4413	16.3819	0.30
2014-6-3	16.3895	16.3842	16.4002	16.3502	0.01
2014-6-2	16.3871	16.293	16.4063	16.2786	0.59
2014-5-30	16.2911	16.3148	16.3209	16.2562	-0.17
2014-5-29	16.3185	16.2811	16.3201	16.2321	0.21
2014-5-28	16.2848	16.3123	16.3256	16.2475	-0.22
2014-5-27	16.3208	16.3357	16.3521	16.2686	-0.12
2014-5-26	16.3404	16.3449	16.364	16.3165	-0.06
2014-5-23	16.3503	16.3136	16.3568	16.2793	0.21
2014-5-22	16.3167	16.2544	16.331	16.2486	0.33
2014-5-21	16.2623	16.2395	16.304	16.1585	0.12
2014-5-20	16.243	16.2736	16.2947	16.2154	-0.19
2014-5-19	16.2742	16.2841	16.3008	16.2031	-0.07
2014-5-16	16.2863	16.2978	16.3229	16.2552	-0.10
2014-5-15	16.3025	16.3552	16.3978	16.2577	-0.34
2014-5-14	16.3575	16.4136	16.425	16.3263	-0.36
2014-5-13	16.4165	16.3712	16.4341	16.3647	0.27
2014-5-12	16.3727	16.3375	16.3888	16.326	0.10
2014-5-9	16.3569	16.3191	16.3569	16.2981	0.21
2014-5-8	16.3229	16.3443	16.3589	16.2869	-0.15
2014-5-7	16.3473	16.3299	16.3618	16.2599	0.09
2014-5-6	16.3329	16.3502	16.3961	16.2994	-0.13
2014-5-5	16.3541	16.3173	16.3589	16.2835	0.18
2014-5-2	16.3252	16.3461	16.4594	16.3125	-0.15
2014-5-1	16.3499	16.3301	16.3563	16.3109	0.08
2014-4-30	16.3372	16.3958	16.4077	16.2982	-0.39
2014-4-29	16.4004	16.3863	16.4276	16.3751	0.05
2014-4-28	16.3922	16.3338	16.4145	16.313	0.33
2014-4-25	16.3377	16.368	16.4054	16.3002	-0.22
2014-4-24	16.3741	16.4366	16.4459	16.3328	-0.39
2014-4-23	16.4388	16.4497	16.4647	16.3757	-0.08
2014-4-22	16.452	16.4743	16.4974	16.4066	-0.16
2014-4-21	16.4788	16.464	16.5022	16.436	0.15
2014-4-18	16.4542	16.4601	16.4969	16.4363	-0.06
2014-4-17	16.464	16.4277	16.4767	16.377	0.19
2014-4-16	16.4327	16.3777	16.4552	16.3552	0.31
2014-4-15	16.3822	16.3708	16.3978	16.307	0.04
2014-4-14	16.3761	16.3484	16.4051	16.3227	0.10
2014-4-11	16.3604	16.3372	16.4021	16.3067	0.10
2014-4-10	16.3435	16.443	16.4752	16.3067	-0.63
2014-4-9	16.4477	16.4238	16.489	16.4011	0.11
2014-4-8	16.4301	16.5932	16.6059	16.3819	-1.01
2014-4-7	16.5969	16.6254	16.6485	16.5738	-0.17
2014-4-4	16.6258	16.7278	16.7611	16.606	-0.64
2014-4-3	16.7332	16.7373	16.7674	16.7101	-0.03
2014-4-2	16.7388	16.6946	16.7714	16.6849	0.24
2014-4-1	16.6984	16.5954	16.7096	16.5745	0.58
2014-3-31	16.6016	16.55	16.6401	16.509	0.29
2014-3-28	16.553	16.4419	16.5787	16.4177	0.64
2014-3-27	16.4481	16.4289	16.49	16.3774	0.08
2014-3-26	16.4348	16.4872	16.514	16.3999	-0.32
2014-3-25	16.4883	16.4975	16.5526	16.463	-0.08
2014-3-24	16.5022	16.4217	16.5667	16.3992	0.45
2014-3-21	16.428	16.4392	16.4632	16.3695	-0.09
2014-3-20	16.443	16.5069	16.5415	16.3972	-0.46
2014-3-19	16.5196	16.3784	16.5759	16.3392	0.83
2014-3-18	16.3839	16.4687	16.5049	16.351	-0.54
2014-3-17	16.4726	16.4735	16.5142	16.4305	-0.04
2014-3-14	16.4798	16.5944	16.604	16.4507	-0.70
2014-3-13	16.5967	16.7201	16.7548	16.5439	-0.75
2014-3-12	16.7224	16.7733	16.7835	16.6843	-0.33
2014-3-11	16.7779	16.8176	16.8653	16.7456	-0.26
2014-3-10	16.8224	16.8079	16.8633	16.7459	-0.22
2014-3-7	16.8591	16.8415	16.9407	16.783	0.08
2014-3-6	16.8455	16.6925	16.8618	16.6827	0.91
2014-3-5	16.6932	16.6338	16.7356	16.6119	0.34
2014-3-4	16.6369	16.5004	16.6501	16.4923	0.79
2014-3-3	16.506	16.5232	16.545	16.4485	-0.37
2014-2-28	16.567	16.662	16.675	16.4691	-0.59
2014-2-27	16.6651	16.711	16.7315	16.5935	-0.30
2014-2-26	16.7148	16.6912	16.7572	16.6607	0.13
2014-2-25	16.6927	16.8019	16.8297	16.6503	-0.70
2014-2-24	16.8109	16.8311	16.8591	16.7525	-0.12
2014-2-21	16.831	16.8105	16.8802	16.7958	0.12
2014-2-20	16.8103	16.8331	16.8528	16.7069	-0.17
2014-2-19	16.8396	16.8666	16.8814	16.7575	-0.19
2014-2-18	16.8723	16.8068	16.9402	16.7812	0.39
2014-2-17	16.8072	16.779	16.8238	16.7081	0.16
2014-2-14	16.7797	16.85	16.8919	16.748	-0.42
2014-2-13	16.8497	16.908	16.921	16.7675	-0.38
2014-2-12	16.9133	16.9309	16.946	16.8552	-0.13
2014-2-11	16.9348	16.8724	16.9463	16.841	0.35
2014-2-10	16.8755	16.867	16.9295	16.8278	-0.02
2014-2-7	16.8783	16.8396	16.9179	16.7236	0.19
2014-2-6	16.8464	16.7324	16.8613	16.6961	0.66
2014-2-5	16.7366	16.7654	16.791	16.6235	-0.21
2014-2-4	16.7713	16.6581	16.7763	16.6186	0.65
2014-2-3	16.6624	16.8297	16.8983	16.6219	-1.02
2014-1-31	16.8348	16.9435	16.985	16.8165	-0.67
2014-1-30	16.9487	16.8896	16.9799	16.8429	0.33
2014-1-29	16.8935	17.0118	17.0983	16.8153	-0.72
2014-1-28	17.0166	16.9535	17.0662	16.9385	0.36
2014-1-27	16.9558	16.9232	17.0204	16.824	0.26
2014-1-24	16.9115	17.0588	17.1264	16.8587	-0.89
2014-1-23	17.0637	17.2676	17.3252	17.0109	-1.20
2014-1-22	17.2715	17.2341	17.2834	17.1781	0.17
2014-1-21	17.2414	17.208	17.3141	17.1895	0.17
2014-1-20	17.212	17.2316	17.2456	17.1587	-0.17
2014-1-17	17.2415	17.2275	17.2712	17.2011	0.05
2014-1-16	17.2332	17.2905	17.3458	17.1929	-0.35
2014-1-15	17.2933	17.2454	17.3164	17.2193	0.25
2014-1-14	17.2508	17.0384	17.264	17.0384	1.22
2014-1-13	17.0437	17.1981	17.2083	17.0153	-0.96
2014-1-10	17.2088	17.3101	17.374	17.1535	-0.60
2014-1-9	17.313	17.323	17.3509	17.2639	-0.09
2014-1-8	17.3278	17.2811	17.3738	17.2778	0.22
2014-1-7	17.2891	17.2149	17.3107	17.2083	0.41
2014-1-6	17.2189	17.3234	17.3407	17.162	-0.62
2014-1-3	17.3271	17.3164	17.3399	17.1907	0.07
2014-1-2	17.3147	17.3813	17.4271	17.2735	-0.40
2014-1-1	17.3845	17.3896	17.4126	17.3731	-0.07
