rate_date	close	open	high	low	change_percent
2018-8-20	1.1426	1.1437	1.1439	1.1395	-0.10
2018-8-19	1.1438	1.144	1.1442	1.1435	-0.01
2018-8-17	1.1439	1.1377	1.1447	1.1365	0.54
2018-8-16	1.1377	1.1345	1.1411	1.1335	0.28
2018-8-15	1.1345	1.1344	1.1357	1.1299	0.01
2018-8-14	1.1344	1.141	1.1431	1.133	-0.57
2018-8-13	1.1409	1.1389	1.1434	1.1364	-0.02
2018-8-10	1.1411	1.1526	1.1537	1.1384	-1.01
2018-8-9	1.1527	1.1609	1.162	1.1525	-0.72
2018-8-8	1.1611	1.1598	1.1629	1.1571	0.10
2018-8-7	1.1599	1.1555	1.161	1.1547	0.39
2018-8-6	1.1554	1.1571	1.1574	1.1527	-0.11
2018-8-3	1.1567	1.1583	1.1611	1.1559	-0.15
2018-8-2	1.1584	1.166	1.1669	1.1582	-0.65
2018-8-1	1.166	1.1691	1.1701	1.1656	-0.27
2018-7-31	1.1691	1.1706	1.1745	1.1682	-0.13
2018-7-30	1.1706	1.166	1.1721	1.1648	0.41
2018-7-27	1.1658	1.1643	1.1665	1.1621	0.13
2018-7-26	1.1643	1.1728	1.1744	1.1639	-0.72
2018-7-25	1.1728	1.1684	1.1739	1.1663	0.36
2018-7-24	1.1686	1.1692	1.1719	1.1654	-0.05
2018-7-23	1.1692	1.173	1.1752	1.1682	-0.24
2018-7-20	1.172	1.1644	1.174	1.1626	0.66
2018-7-19	1.1643	1.1639	1.168	1.1574	0.03
2018-7-18	1.1639	1.166	1.1665	1.1601	-0.19
2018-7-17	1.1661	1.1711	1.1746	1.165	-0.42
2018-7-16	1.171	1.1676	1.1726	1.1674	0.21
2018-7-13	1.1685	1.1669	1.1688	1.161	0.11
2018-7-12	1.1672	1.1674	1.1697	1.1648	-0.02
2018-7-11	1.1674	1.1745	1.176	1.1665	-0.60
2018-7-10	1.1744	1.1751	1.1764	1.169	-0.06
2018-7-9	1.1751	1.1748	1.1792	1.1731	0.03
2018-7-6	1.1747	1.169	1.1769	1.1679	0.48
2018-7-5	1.1691	1.1655	1.1722	1.1649	0.30
2018-7-4	1.1656	1.1658	1.1684	1.1629	-0.01
2018-7-3	1.1657	1.1641	1.1675	1.1621	0.14
2018-7-2	1.1641	1.1651	1.1699	1.159	-0.38
2018-6-29	1.1685	1.1569	1.1692	1.1558	1.00
2018-6-28	1.1569	1.1555	1.1602	1.1527	0.13
2018-6-27	1.1554	1.1647	1.1674	1.1541	-0.80
2018-6-26	1.1647	1.1704	1.1722	1.1635	-0.49
2018-6-25	1.1704	1.1659	1.1715	1.1627	0.40
2018-6-22	1.1657	1.1604	1.1677	1.16	0.47
2018-6-21	1.1603	1.1572	1.1635	1.1509	0.27
2018-6-20	1.1572	1.159	1.1602	1.1537	-0.16
2018-6-19	1.159	1.1624	1.1646	1.153	-0.28
2018-6-18	1.1623	1.1609	1.1625	1.1563	0.12
2018-6-15	1.1609	1.1568	1.1629	1.1543	0.35
2018-6-14	1.1569	1.1791	1.1853	1.1562	-1.88
2018-6-13	1.1791	1.1745	1.1803	1.1725	0.39
2018-6-12	1.1745	1.1784	1.1811	1.1733	-0.33
2018-6-11	1.1784	1.1766	1.1822	1.1754	0.14
2018-6-8	1.1768	1.18	1.1812	1.1726	-0.26
2018-6-7	1.1799	1.1774	1.1842	1.1772	0.22
2018-6-6	1.1773	1.1717	1.1797	1.1708	0.47
2018-6-5	1.1718	1.1698	1.1733	1.1652	0.16
2018-6-4	1.1699	1.1656	1.1744	1.1652	0.33
2018-6-1	1.1661	1.1691	1.1718	1.1617	-0.27
2018-5-31	1.1692	1.1665	1.1726	1.1641	0.25
2018-5-30	1.1663	1.154	1.1678	1.1518	1.07
2018-5-29	1.154	1.1625	1.1641	1.1508	-0.71
2018-5-28	1.1623	1.1651	1.1729	1.1605	-0.25
2018-5-25	1.1652	1.172	1.1735	1.1645	-0.58
2018-5-24	1.172	1.1695	1.175	1.1688	0.20
2018-5-23	1.1697	1.1778	1.179	1.1675	-0.70
2018-5-22	1.1779	1.1792	1.183	1.1754	-0.10
2018-5-21	1.1791	1.1764	1.1797	1.1717	0.11
2018-5-18	1.1778	1.1796	1.1825	1.1749	-0.14
2018-5-17	1.1795	1.1808	1.1839	1.1775	-0.10
2018-5-16	1.1807	1.1837	1.1854	1.1762	-0.26
2018-5-15	1.1838	1.1925	1.1939	1.1817	-0.75
2018-5-14	1.1927	1.1947	1.1998	1.1926	-0.14
2018-5-11	1.1944	1.1917	1.197	1.1891	0.24
2018-5-10	1.1915	1.1852	1.1948	1.1843	0.55
2018-5-9	1.185	1.1863	1.1898	1.1822	-0.12
2018-5-8	1.1864	1.1924	1.1941	1.1838	-0.49
2018-5-7	1.1922	1.1953	1.198	1.1898	-0.32
2018-5-4	1.196	1.1989	1.1997	1.1911	-0.23
2018-5-3	1.1988	1.1951	1.2009	1.1946	0.31
2018-5-2	1.1951	1.1992	1.2033	1.1938	-0.35
2018-5-1	1.1993	1.2076	1.2086	1.1981	-0.71
2018-4-30	1.2079	1.2125	1.2141	1.2064	-0.42
2018-4-27	1.213	1.2105	1.2135	1.2055	0.22
2018-4-26	1.2103	1.2161	1.2211	1.2096	-0.48
2018-4-25	1.2161	1.2232	1.224	1.216	-0.58
2018-4-24	1.2232	1.2209	1.2247	1.2182	0.19
2018-4-23	1.2209	1.2289	1.2292	1.2198	-0.64
2018-4-20	1.2288	1.2346	1.2354	1.225	-0.47
2018-4-19	1.2346	1.2373	1.2402	1.2329	-0.22
2018-4-18	1.2373	1.2369	1.2398	1.2343	0.02
2018-4-17	1.237	1.2378	1.2413	1.2335	-0.08
2018-4-16	1.238	1.233	1.2395	1.2325	0.40
2018-4-13	1.2331	1.2327	1.2348	1.2307	0.03
2018-4-12	1.2327	1.2368	1.2382	1.23	-0.32
2018-4-11	1.2367	1.2357	1.2397	1.2347	0.09
2018-4-10	1.2356	1.232	1.2379	1.2303	0.28
2018-4-9	1.2321	1.2279	1.2331	1.2261	0.31
2018-4-6	1.2283	1.224	1.2292	1.2214	0.35
2018-4-5	1.224	1.2278	1.2292	1.2218	-0.31
2018-4-4	1.2278	1.2269	1.2315	1.2256	0.07
2018-4-3	1.227	1.2304	1.2336	1.2253	-0.26
2018-4-2	1.2302	1.2323	1.2346	1.2282	-0.17
2018-3-30	1.2323	1.2301	1.2331	1.2293	0.17
2018-3-29	1.2302	1.2308	1.2335	1.2282	-0.05
2018-3-28	1.2308	1.2403	1.2424	1.23	-0.77
2018-3-27	1.2403	1.2444	1.2478	1.2373	-0.32
2018-3-26	1.2443	1.2348	1.2463	1.2341	0.73
2018-3-23	1.2353	1.2302	1.2375	1.2301	0.41
2018-3-22	1.2302	1.2337	1.2389	1.2285	-0.29
2018-3-21	1.2338	1.2242	1.2351	1.2241	0.78
2018-3-20	1.2242	1.2335	1.2356	1.2239	-0.75
2018-3-19	1.2335	1.2284	1.2361	1.2258	0.37
2018-3-16	1.2289	1.2305	1.2338	1.2261	-0.13
2018-3-15	1.2305	1.2366	1.2385	1.2299	-0.50
2018-3-14	1.2367	1.239	1.2414	1.2347	-0.19
2018-3-13	1.239	1.2334	1.2408	1.2314	0.45
2018-3-12	1.2334	1.2311	1.2347	1.2291	0.22
2018-3-9	1.2307	1.2312	1.2336	1.2273	-0.04
2018-3-8	1.2312	1.2411	1.2448	1.2298	-0.81
2018-3-7	1.2413	1.2404	1.2445	1.2385	0.07
2018-3-6	1.2404	1.2336	1.2422	1.2328	0.55
2018-3-5	1.2336	1.2323	1.2366	1.2268	0.15
2018-3-2	1.2317	1.2266	1.2336	1.225	0.40
2018-3-1	1.2268	1.2193	1.2272	1.2153	0.61
2018-2-28	1.2194	1.2232	1.2243	1.2188	-0.31
2018-2-27	1.2232	1.2317	1.2348	1.2221	-0.70
2018-2-26	1.2318	1.2299	1.2356	1.2278	0.20
2018-2-23	1.2293	1.2329	1.2337	1.2279	-0.31
2018-2-22	1.2331	1.2283	1.2354	1.226	0.38
2018-2-21	1.2284	1.2338	1.2361	1.2281	-0.44
2018-2-20	1.2338	1.2409	1.2414	1.232	-0.56
2018-2-19	1.2408	1.2409	1.2435	1.2368	0.02
2018-2-16	1.2406	1.2506	1.2557	1.2394	-0.80
2018-2-15	1.2506	1.2449	1.2511	1.2447	0.45
2018-2-14	1.245	1.2352	1.2467	1.2276	0.79
2018-2-13	1.2352	1.2293	1.2373	1.2285	0.49
2018-2-12	1.2292	1.2253	1.2298	1.2234	0.47
2018-2-9	1.2235	1.2245	1.2289	1.2206	-0.10
2018-2-8	1.2247	1.2264	1.2297	1.2212	-0.14
2018-2-7	1.2264	1.2378	1.2407	1.2247	-0.91
2018-2-6	1.2377	1.2367	1.2434	1.2314	0.07
2018-2-5	1.2368	1.2455	1.2475	1.2362	-0.75
2018-2-2	1.2462	1.2508	1.2519	1.2409	-0.38
2018-2-1	1.251	1.2414	1.2524	1.2386	0.72
2018-1-31	1.2421	1.2401	1.2476	1.2386	0.15
2018-1-30	1.2402	1.2383	1.2455	1.2335	0.15
2018-1-29	1.2383	1.2427	1.2436	1.2336	-0.31
2018-1-26	1.2421	1.2395	1.2495	1.2371	0.20
2018-1-25	1.2396	1.2408	1.2537	1.2364	-0.10
2018-1-24	1.2408	1.2299	1.2417	1.2293	0.89
2018-1-23	1.2299	1.2263	1.2308	1.2223	0.30
2018-1-22	1.2262	1.2268	1.2276	1.2214	0.33
2018-1-19	1.2222	1.2236	1.2296	1.2219	-0.14
2018-1-18	1.2239	1.2186	1.2267	1.2165	0.43
2018-1-17	1.2186	1.226	1.2324	1.2176	-0.61
2018-1-16	1.2261	1.2265	1.2284	1.2194	-0.02
2018-1-15	1.2263	1.2198	1.2298	1.2188	0.62
2018-1-12	1.2187	1.2033	1.219	1.2031	1.29
2018-1-11	1.2032	1.1946	1.206	1.1928	0.71
2018-1-10	1.1947	1.1938	1.2019	1.1923	0.08
2018-1-9	1.1937	1.1967	1.1977	1.1916	-0.25
2018-1-8	1.1967	1.2029	1.2054	1.1956	-0.52
2018-1-5	1.203	1.2068	1.2085	1.2021	-0.31
2018-1-4	1.2068	1.2015	1.209	1.2004	0.45
2018-1-3	1.2014	1.2058	1.207	1.2001	-0.37
2018-1-2	1.2059	1.2013	1.2084	1.2003	0.41
2018-1-1	1.201	1.2003	1.2014	1.1995	0.10
2017-12-29	1.1998	1.1943	1.203	1.1937	0.46
2017-12-28	1.1943	1.1888	1.1961	1.1888	0.46
2017-12-27	1.1888	1.1859	1.1912	1.1855	0.24
2017-12-26	1.1859	1.1867	1.1879	1.1845	-0.08
2017-12-25	1.1869	1.185	1.1882	1.1842	0.08
2017-12-22	1.1859	1.1874	1.1878	1.1817	-0.12
2017-12-21	1.1873	1.1871	1.1889	1.1848	0.02
2017-12-20	1.1871	1.184	1.1903	1.1829	0.26
2017-12-19	1.184	1.1782	1.1851	1.1777	0.49
2017-12-18	1.1782	1.1753	1.1834	1.1737	0.24
2017-12-15	1.1754	1.1778	1.1814	1.1751	-0.20
2017-12-14	1.1778	1.1826	1.1863	1.177	-0.41
2017-12-13	1.1826	1.1743	1.1832	1.1729	0.72
2017-12-12	1.1742	1.177	1.1794	1.1718	-0.22
2017-12-11	1.1768	1.1767	1.1812	1.1762	0.03
2017-12-8	1.1764	1.1771	1.1778	1.1728	-0.08
2017-12-7	1.1773	1.1796	1.1816	1.1772	-0.19
2017-12-6	1.1796	1.1825	1.1849	1.178	-0.25
2017-12-5	1.1826	1.1866	1.1879	1.1801	-0.34
2017-12-4	1.1866	1.1882	1.189	1.183	-0.21
2017-12-1	1.1891	1.1904	1.1942	1.1851	-0.11
2017-11-30	1.1904	1.1847	1.1933	1.1809	0.48
2017-11-29	1.1847	1.1841	1.1884	1.1817	0.05
2017-11-28	1.1841	1.1898	1.1921	1.1827	-0.48
2017-11-27	1.1898	1.1933	1.1962	1.1896	-0.27
2017-11-24	1.193	1.185	1.1945	1.1836	0.67
2017-11-23	1.1851	1.1822	1.1857	1.1812	0.25
2017-11-22	1.1822	1.1738	1.1829	1.1733	0.72
2017-11-21	1.1738	1.1732	1.1759	1.1713	0.05
2017-11-20	1.1732	1.1789	1.1808	1.1721	-0.53
2017-11-17	1.1795	1.1771	1.1823	1.1766	0.21
2017-11-16	1.177	1.1792	1.1802	1.1756	-0.19
2017-11-15	1.1792	1.1797	1.1861	1.1784	-0.05
2017-11-14	1.1798	1.1667	1.1807	1.166	1.12
2017-11-13	1.1667	1.1666	1.1677	1.1638	0.02
2017-11-10	1.1665	1.1642	1.168	1.1623	0.20
2017-11-9	1.1642	1.1596	1.1657	1.1586	0.41
2017-11-8	1.1595	1.1586	1.1612	1.1579	0.08
2017-11-7	1.1586	1.1609	1.1618	1.1554	-0.21
2017-11-6	1.161	1.1609	1.1625	1.1579	0.01
2017-11-3	1.1609	1.166	1.1692	1.1599	-0.42
2017-11-2	1.1658	1.1619	1.1689	1.1613	0.34
2017-11-1	1.1619	1.1646	1.1659	1.1607	-0.23
2017-10-31	1.1646	1.1651	1.1663	1.1625	-0.04
2017-10-30	1.1651	1.1603	1.166	1.1594	0.35
2017-10-27	1.161	1.165	1.1659	1.1575	-0.34
2017-10-26	1.165	1.1811	1.1837	1.164	-1.38
2017-10-25	1.1813	1.176	1.1819	1.1752	0.44
2017-10-24	1.1761	1.1749	1.1794	1.1743	0.10
2017-10-23	1.1749	1.1773	1.1779	1.1725	-0.31
2017-10-20	1.1785	1.1853	1.1859	1.1763	-0.57
2017-10-19	1.1852	1.1788	1.186	1.1768	0.55
2017-10-18	1.1787	1.1764	1.1805	1.1729	0.18
2017-10-17	1.1766	1.1797	1.1801	1.1735	-0.26
2017-10-16	1.1797	1.1825	1.1826	1.1781	-0.22
2017-10-13	1.1823	1.1829	1.1875	1.1804	-0.06
2017-10-12	1.183	1.1862	1.1882	1.1826	-0.24
2017-10-11	1.1859	1.1808	1.1871	1.1795	0.45
2017-10-10	1.1806	1.1739	1.1825	1.1738	0.55
2017-10-9	1.1741	1.1728	1.1758	1.1718	0.06
2017-10-6	1.1734	1.171	1.1739	1.1668	0.20
2017-10-5	1.1711	1.1758	1.178	1.1698	-0.42
2017-10-4	1.176	1.1743	1.1788	1.1733	0.14
2017-10-3	1.1744	1.1733	1.1775	1.1696	0.10
2017-10-2	1.1732	1.1818	1.1818	1.173	-0.69
2017-9-29	1.1814	1.1787	1.1834	1.1773	0.24
2017-9-28	1.1786	1.1746	1.1805	1.1721	0.36
2017-9-27	1.1744	1.1792	1.1797	1.1717	-0.42
2017-9-26	1.1793	1.1848	1.1863	1.1758	-0.46
2017-9-25	1.1848	1.1953	1.1962	1.1833	-0.89
2017-9-22	1.1954	1.1942	1.2006	1.1937	0.11
2017-9-21	1.1941	1.1894	1.1955	1.1866	0.40
2017-9-20	1.1893	1.1994	1.2033	1.1862	-0.84
2017-9-19	1.1994	1.1955	1.2008	1.195	0.33
2017-9-18	1.1954	1.1949	1.1971	1.1915	0.09
2017-9-15	1.1943	1.1919	1.1988	1.1901	0.20
2017-9-14	1.1919	1.1884	1.1922	1.1837	0.28
2017-9-13	1.1886	1.1967	1.1995	1.1872	-0.68
2017-9-12	1.1967	1.1953	1.198	1.1926	0.12
2017-9-11	1.1953	1.2041	1.2041	1.1948	-0.68
2017-9-8	1.2035	1.2024	1.2094	1.2016	0.10
2017-9-7	1.2023	1.1917	1.2061	1.1914	0.89
2017-9-6	1.1917	1.1914	1.1951	1.1903	0.03
2017-9-5	1.1914	1.1896	1.1941	1.1868	0.15
2017-9-4	1.1896	1.1858	1.1923	1.1853	0.31
2017-9-1	1.1859	1.1911	1.1981	1.185	-0.43
2017-8-31	1.191	1.1884	1.1914	1.1823	0.23
2017-8-30	1.1883	1.1974	1.1986	1.1881	-0.74
2017-8-29	1.1972	1.1978	1.2069	1.1945	-0.06
2017-8-28	1.1979	1.1926	1.1985	1.1917	0.44
2017-8-25	1.1926	1.1799	1.1942	1.1773	1.08
2017-8-24	1.1799	1.1807	1.1821	1.1784	-0.07
2017-8-23	1.1807	1.1763	1.1825	1.1741	0.38
2017-8-22	1.1762	1.1815	1.1826	1.1745	-0.46
2017-8-21	1.1816	1.175	1.183	1.1731	0.46
2017-8-18	1.1762	1.1723	1.1775	1.1707	0.32
2017-8-17	1.1724	1.1767	1.179	1.1662	-0.39
2017-8-16	1.177	1.1734	1.178	1.1682	0.30
2017-8-15	1.1735	1.178	1.1794	1.1688	-0.38
2017-8-14	1.178	1.1806	1.184	1.177	-0.35
2017-8-11	1.1821	1.1771	1.1846	1.1747	0.42
2017-8-10	1.1772	1.1759	1.1786	1.1704	0.11
2017-8-9	1.1759	1.1752	1.1765	1.1689	0.08
2017-8-8	1.175	1.1794	1.1825	1.1714	-0.39
2017-8-7	1.1796	1.1768	1.1816	1.1767	0.20
2017-8-4	1.1772	1.1871	1.1893	1.1731	-0.83
2017-8-3	1.187	1.1856	1.1894	1.1831	0.12
2017-8-2	1.1856	1.1802	1.1911	1.1794	0.46
2017-8-1	1.1802	1.1841	1.1845	1.1784	-0.34
2017-7-31	1.1842	1.1737	1.1847	1.1723	0.77
2017-7-28	1.1752	1.1677	1.1765	1.1671	0.64
2017-7-27	1.1677	1.1734	1.1777	1.1649	-0.49
2017-7-26	1.1734	1.1648	1.1741	1.1613	0.70
2017-7-25	1.1652	1.164	1.1712	1.163	0.09
2017-7-24	1.1642	1.1662	1.1688	1.1628	-0.18
2017-7-21	1.1663	1.1634	1.1684	1.162	0.28
2017-7-20	1.1631	1.1513	1.1657	1.1479	1.00
2017-7-19	1.1516	1.1554	1.1559	1.1509	-0.34
2017-7-18	1.1555	1.148	1.1585	1.1473	0.66
2017-7-17	1.1479	1.1462	1.1487	1.1434	0.09
2017-7-14	1.1469	1.14	1.1473	1.1392	0.61
2017-7-13	1.1399	1.1413	1.1459	1.1373	-0.11
2017-7-12	1.1412	1.1467	1.1491	1.1392	-0.48
2017-7-11	1.1467	1.14	1.1482	1.1383	0.59
2017-7-10	1.14	1.1391	1.1418	1.1381	-0.01
2017-7-7	1.1401	1.1423	1.144	1.1379	-0.19
2017-7-6	1.1423	1.1351	1.1425	1.1329	0.62
2017-7-5	1.1353	1.1345	1.1369	1.1312	0.07
2017-7-4	1.1345	1.1366	1.138	1.1339	-0.17
2017-7-3	1.1364	1.1422	1.1431	1.1357	-0.54
2017-6-30	1.1426	1.1442	1.1448	1.1393	-0.13
2017-6-29	1.1441	1.1376	1.1446	1.1373	0.55
2017-6-28	1.1378	1.1339	1.1392	1.1292	0.34
2017-6-27	1.1339	1.1183	1.1351	1.1178	1.40
2017-6-26	1.1182	1.1202	1.1222	1.1173	-0.11
2017-6-23	1.1194	1.1152	1.1211	1.1145	0.37
2017-6-22	1.1153	1.1167	1.1179	1.114	-0.13
2017-6-21	1.1168	1.1133	1.1171	1.1128	0.30
2017-6-20	1.1135	1.1147	1.1165	1.1118	-0.12
2017-6-19	1.1148	1.1199	1.1214	1.1141	-0.45
2017-6-16	1.1198	1.1142	1.1201	1.1138	0.48
2017-6-15	1.1145	1.1219	1.1231	1.1132	-0.65
2017-6-14	1.1218	1.121	1.1296	1.1191	0.02
2017-6-13	1.1216	1.1203	1.1225	1.1184	0.12
2017-6-12	1.1203	1.1196	1.1235	1.1193	0.06
2017-6-9	1.1196	1.1217	1.124	1.1168	-0.16
2017-6-8	1.1214	1.1257	1.127	1.1195	-0.38
2017-6-7	1.1257	1.1277	1.1284	1.1205	-0.19
2017-6-6	1.1278	1.1254	1.1285	1.124	0.20
2017-6-5	1.1255	1.128	1.1285	1.1236	-0.24
2017-6-2	1.1282	1.1213	1.1287	1.1205	0.62
2017-6-1	1.1213	1.1242	1.1258	1.1203	-0.27
2017-5-31	1.1243	1.1186	1.1255	1.1165	0.52
2017-5-30	1.1185	1.1165	1.1207	1.1111	0.18
2017-5-29	1.1165	1.1179	1.1192	1.116	-0.16
2017-5-26	1.1183	1.1211	1.1235	1.1159	-0.25
2017-5-25	1.1211	1.1219	1.1252	1.1194	-0.07
2017-5-24	1.1219	1.1184	1.1222	1.1169	0.32
2017-5-23	1.1183	1.1237	1.1268	1.1174	-0.49
2017-5-22	1.1238	1.1202	1.1265	1.1162	0.28
2017-5-19	1.1207	1.1103	1.1214	1.1097	0.94
2017-5-18	1.1103	1.116	1.1173	1.1075	-0.50
2017-5-17	1.1159	1.1083	1.1163	1.1079	0.69
2017-5-16	1.1082	1.0976	1.1098	1.0972	0.97
2017-5-15	1.0975	1.0926	1.0991	1.0922	0.40
2017-5-12	1.0931	1.0863	1.0937	1.0857	0.64
2017-5-11	1.0861	1.0869	1.0894	1.0838	-0.06
2017-5-10	1.0868	1.0874	1.09	1.0853	-0.06
2017-5-9	1.0874	1.0923	1.0935	1.0862	-0.46
2017-5-8	1.0924	1.0998	1.1024	1.0917	-0.67
2017-5-5	1.0998	1.0991	1.1002	1.0951	0.13
2017-5-4	1.0984	1.0884	1.0987	1.0874	0.91
2017-5-3	1.0885	1.093	1.0939	1.0883	-0.41
2017-5-2	1.093	1.0901	1.0936	1.0889	0.28
2017-5-1	1.0899	1.0906	1.0924	1.0883	0.02
2017-4-28	1.0897	1.0877	1.0949	1.0857	0.22
2017-4-27	1.0873	1.0903	1.0933	1.0851	-0.28
2017-4-26	1.0903	1.0924	1.0951	1.0856	-0.21
2017-4-25	1.0926	1.0868	1.0951	1.0851	0.53
2017-4-24	1.0868	1.089	1.0936	1.0819	1.30
2017-4-21	1.0728	1.0719	1.0739	1.0682	0.10
2017-4-20	1.0717	1.0711	1.078	1.0709	0.06
2017-4-19	1.0711	1.073	1.0738	1.07	-0.21
2017-4-18	1.0734	1.0643	1.0737	1.0636	0.86
2017-4-17	1.0643	1.0615	1.0674	1.0603	0.29
2017-4-14	1.0612	1.0615	1.0633	1.0607	-0.02
2017-4-13	1.0614	1.0664	1.0679	1.0609	-0.49
2017-4-12	1.0666	1.0606	1.0677	1.0589	0.60
2017-4-11	1.0602	1.0595	1.0631	1.0577	0.06
2017-4-10	1.0596	1.0593	1.0609	1.0571	0.06
2017-4-7	1.059	1.0644	1.0668	1.058	-0.51
2017-4-6	1.0644	1.0663	1.0687	1.063	-0.18
2017-4-5	1.0663	1.0672	1.069	1.0633	-0.10
2017-4-4	1.0674	1.0669	1.0678	1.0635	0.03
2017-4-3	1.0671	1.066	1.0683	1.0643	0.18
2017-3-31	1.0652	1.0675	1.0705	1.0652	-0.22
2017-3-30	1.0675	1.0765	1.0772	1.0671	-0.85
2017-3-29	1.0767	1.0811	1.0827	1.0739	-0.43
2017-3-28	1.0813	1.0864	1.0873	1.0797	-0.48
2017-3-27	1.0865	1.0797	1.0905	1.0795	0.61
2017-3-24	1.0799	1.0784	1.082	1.0761	0.15
2017-3-23	1.0783	1.0797	1.0807	1.0769	-0.13
2017-3-22	1.0797	1.081	1.0827	1.0776	-0.13
2017-3-21	1.0811	1.074	1.0822	1.072	0.67
2017-3-20	1.0739	1.074	1.0779	1.0725	0.01
2017-3-17	1.0738	1.0765	1.0784	1.0728	-0.26
2017-3-16	1.0766	1.0734	1.0772	1.0706	0.29
2017-3-15	1.0735	1.0604	1.0742	1.0603	1.24
2017-3-14	1.0604	1.0655	1.0664	1.0599	-0.47
2017-3-13	1.0654	1.0672	1.0715	1.065	-0.17
2017-3-10	1.0672	1.0577	1.0702	1.0572	0.90
2017-3-9	1.0577	1.0541	1.0617	1.0525	0.34
2017-3-8	1.0541	1.0566	1.0576	1.0535	-0.24
2017-3-7	1.0566	1.0583	1.0603	1.0557	-0.14
2017-3-6	1.0581	1.0617	1.0643	1.0575	-0.40
2017-3-3	1.0623	1.0508	1.0626	1.0502	1.10
2017-3-2	1.0507	1.0547	1.0552	1.0493	-0.39
2017-3-1	1.0548	1.0575	1.059	1.0514	-0.27
2017-2-28	1.0577	1.0587	1.0632	1.057	-0.10
2017-2-27	1.0588	1.0562	1.0633	1.0552	0.24
2017-2-24	1.0563	1.0583	1.062	1.0557	-0.17
2017-2-23	1.0581	1.0557	1.0597	1.0538	0.24
2017-2-22	1.0556	1.0534	1.0574	1.0493	0.18
2017-2-21	1.0537	1.0611	1.0618	1.0526	-0.73
2017-2-20	1.0614	1.0618	1.0637	1.0606	0.00
2017-2-17	1.0614	1.0675	1.0679	1.0605	-0.56
2017-2-16	1.0674	1.06	1.0682	1.0588	0.69
2017-2-15	1.0601	1.0577	1.0611	1.0523	0.23
2017-2-14	1.0577	1.0596	1.0634	1.0559	-0.20
2017-2-13	1.0598	1.0634	1.0658	1.0592	-0.40
2017-2-10	1.0641	1.0658	1.067	1.0609	-0.14
2017-2-9	1.0656	1.0699	1.0711	1.065	-0.39
2017-2-8	1.0698	1.0682	1.0715	1.0639	0.16
2017-2-7	1.0681	1.075	1.0751	1.0654	-0.64
2017-2-6	1.075	1.0781	1.0801	1.0703	-0.32
2017-2-3	1.0784	1.0759	1.08	1.0714	0.24
2017-2-2	1.0758	1.0767	1.0829	1.0753	-0.10
2017-2-1	1.0769	1.0798	1.081	1.0731	-0.27
2017-1-31	1.0798	1.0695	1.0814	1.0684	0.96
2017-1-30	1.0695	1.0692	1.0742	1.0619	-0.04
2017-1-27	1.0699	1.0685	1.0729	1.0661	0.16
2017-1-26	1.0682	1.0746	1.0767	1.0657	-0.61
2017-1-25	1.0748	1.0734	1.0773	1.0713	0.16
2017-1-24	1.0731	1.0763	1.0775	1.0718	-0.32
2017-1-23	1.0765	1.0687	1.0773	1.0686	0.58
2017-1-20	1.0703	1.0667	1.0713	1.0627	0.37
2017-1-19	1.0664	1.0629	1.0677	1.0588	0.31
2017-1-18	1.0631	1.0713	1.0716	1.0624	-0.77
2017-1-17	1.0714	1.0599	1.0719	1.0595	1.05
2017-1-16	1.0603	1.0618	1.0638	1.058	-0.39
2017-1-13	1.0644	1.0612	1.0674	1.0598	0.29
2017-1-12	1.0613	1.0582	1.0687	1.0573	0.29
2017-1-11	1.0582	1.0556	1.0624	1.0454	0.27
2017-1-10	1.0554	1.0573	1.0628	1.0551	-0.19
2017-1-9	1.0574	1.0539	1.0584	1.051	0.39
2017-1-6	1.0533	1.0606	1.0624	1.0523	-0.70
2017-1-5	1.0607	1.0493	1.0619	1.0482	1.13
2017-1-4	1.0488	1.0405	1.0501	1.0389	0.79
2017-1-3	1.0406	1.0455	1.0492	1.0341	-0.51
2017-1-2	1.0459	1.0532	1.0534	1.0449	-0.54
2016-12-30	1.0516	1.0492	1.0654	1.0482	0.23
2016-12-29	1.0492	1.0417	1.0494	1.0406	0.77
2016-12-28	1.0412	1.0458	1.0483	1.0373	-0.43
2016-12-27	1.0457	1.0453	1.0465	1.0431	0.01
2016-12-26	1.0456	1.0454	1.0473	1.0439	0.00
2016-12-23	1.0456	1.0437	1.047	1.0427	0.18
2016-12-22	1.0437	1.0423	1.0501	1.0421	0.12
2016-12-21	1.0425	1.039	1.0453	1.0381	0.37
2016-12-20	1.0387	1.0405	1.0419	1.0352	-0.14
2016-12-19	1.0402	1.0442	1.0479	1.0391	-0.47
2016-12-16	1.0451	1.0419	1.0477	1.0402	0.36
2016-12-15	1.0414	1.0536	1.0544	1.0366	-1.16
2016-12-14	1.0536	1.0627	1.0671	1.0495	-0.86
2016-12-13	1.0627	1.0635	1.0668	1.0603	-0.08
2016-12-12	1.0635	1.0551	1.0652	1.0523	0.69
2016-12-9	1.0562	1.0618	1.0632	1.0531	-0.50
2016-12-8	1.0615	1.0754	1.0873	1.0595	-1.28
2016-12-7	1.0753	1.0721	1.077	1.0709	0.32
2016-12-6	1.0719	1.0764	1.0787	1.0698	-0.42
2016-12-5	1.0764	1.0674	1.0798	1.0505	0.85
2016-12-2	1.0673	1.0662	1.0692	1.0626	0.10
2016-12-1	1.0662	1.059	1.067	1.0584	0.70
2016-11-30	1.0588	1.0649	1.0669	1.0554	-0.58
2016-11-29	1.065	1.0615	1.0657	1.0565	0.33
2016-11-28	1.0615	1.0595	1.0686	1.0562	0.26
2016-11-25	1.0587	1.0551	1.0631	1.0538	0.31
2016-11-24	1.0554	1.0554	1.0587	1.0517	-0.05
2016-11-23	1.0559	1.063	1.0647	1.0527	-0.63
2016-11-22	1.0626	1.0627	1.066	1.0583	-0.04
2016-11-21	1.063	1.0583	1.0652	1.0578	0.40
2016-11-18	1.0588	1.0625	1.0645	1.057	-0.36
2016-11-17	1.0626	1.069	1.0746	1.0617	-0.60
2016-11-16	1.069	1.0724	1.0763	1.0668	-0.29
2016-11-15	1.0721	1.0736	1.0817	1.0712	-0.15
2016-11-14	1.0737	1.085	1.0852	1.0709	-1.10
2016-11-11	1.0856	1.0897	1.0929	1.0833	-0.34
2016-11-10	1.0893	1.0911	1.0958	1.0866	-0.16
2016-11-9	1.091	1.1023	1.13	1.0902	-1.05
2016-11-8	1.1026	1.1042	1.107	1.1008	-0.13
2016-11-7	1.104	1.1137	1.1139	1.1029	-0.88
2016-11-4	1.1138	1.1105	1.1146	1.108	0.30
2016-11-3	1.1105	1.1099	1.1128	1.1059	0.07
2016-11-2	1.1097	1.1056	1.1125	1.1051	0.37
2016-11-1	1.1056	1.0981	1.1072	1.0958	0.68
2016-10-31	1.0981	1.0986	1.0994	1.0936	-0.05
2016-10-28	1.0987	1.0899	1.0995	1.0893	0.83
2016-10-27	1.0897	1.0909	1.0945	1.0884	-0.11
2016-10-26	1.0909	1.0889	1.0947	1.0872	0.19
2016-10-25	1.0888	1.0882	1.0906	1.085	0.05
2016-10-24	1.0883	1.0879	1.0903	1.0861	-0.01
2016-10-21	1.0884	1.0929	1.0933	1.0859	-0.42
2016-10-20	1.093	1.0974	1.1041	1.0916	-0.40
2016-10-19	1.0974	1.098	1.1005	1.0955	-0.05
2016-10-18	1.098	1.1	1.1029	1.097	-0.17
2016-10-17	1.0999	1.0975	1.1011	1.0964	0.26
2016-10-14	1.0971	1.1056	1.1062	1.0968	-0.78
2016-10-13	1.1057	1.1004	1.1058	1.0982	0.45
2016-10-12	1.1008	1.1053	1.1072	1.1003	-0.42
2016-10-11	1.1054	1.1136	1.1144	1.1047	-0.75
2016-10-10	1.1138	1.1196	1.1202	1.1128	-0.56
2016-10-7	1.1201	1.1151	1.1207	1.1103	0.45
2016-10-6	1.1151	1.1205	1.1214	1.1139	-0.48
2016-10-5	1.1205	1.1205	1.1238	1.1191	0.01
2016-10-4	1.1204	1.1211	1.124	1.1138	-0.06
2016-10-3	1.1211	1.1235	1.1245	1.1205	-0.27
2016-9-30	1.1241	1.1225	1.1253	1.1153	0.16
2016-9-29	1.1223	1.1217	1.1251	1.1197	0.06
2016-9-28	1.1216	1.1214	1.1238	1.1181	0.01
2016-9-27	1.1215	1.1253	1.1262	1.119	-0.35
2016-9-26	1.1254	1.1221	1.1279	1.122	0.25
2016-9-23	1.1226	1.1209	1.1244	1.1195	0.17
2016-9-22	1.1207	1.1193	1.1258	1.1181	0.16
2016-9-21	1.1189	1.1152	1.12	1.1123	0.30
2016-9-20	1.1155	1.1179	1.1216	1.1146	-0.17
2016-9-19	1.1174	1.1161	1.1198	1.1147	0.17
2016-9-16	1.1155	1.1244	1.1256	1.1147	-0.79
2016-9-15	1.1244	1.1249	1.1286	1.122	-0.05
2016-9-14	1.125	1.1216	1.1274	1.1208	0.27
2016-9-13	1.122	1.1236	1.1262	1.1203	-0.12
2016-9-12	1.1234	1.1232	1.1269	1.1211	0.01
2016-9-9	1.1233	1.1262	1.1288	1.12	-0.25
2016-9-8	1.1261	1.124	1.1329	1.1234	0.20
2016-9-7	1.1239	1.1255	1.1271	1.1228	-0.15
2016-9-6	1.1256	1.1147	1.1266	1.114	0.98
2016-9-5	1.1147	1.1153	1.1185	1.114	-0.08
2016-9-2	1.1156	1.1197	1.1254	1.1151	-0.38
2016-9-1	1.1198	1.1157	1.1207	1.1128	0.36
2016-8-31	1.1158	1.1143	1.1167	1.1123	0.13
2016-8-30	1.1143	1.1189	1.1198	1.113	-0.41
2016-8-29	1.1189	1.1192	1.1208	1.1157	-0.08
2016-8-26	1.1198	1.1284	1.1343	1.118	-0.75
2016-8-25	1.1283	1.1266	1.1301	1.1258	0.18
2016-8-24	1.1263	1.1305	1.1316	1.1244	-0.38
2016-8-23	1.1306	1.1321	1.1357	1.1302	-0.11
2016-8-22	1.1319	1.1305	1.1334	1.1273	-0.06
2016-8-19	1.1326	1.1351	1.1363	1.1303	-0.25
2016-8-18	1.1354	1.1293	1.1367	1.1283	0.58
2016-8-17	1.1288	1.1279	1.1318	1.1241	0.09
2016-8-16	1.1278	1.1182	1.1324	1.1175	0.84
2016-8-15	1.1184	1.1162	1.1203	1.1153	0.21
2016-8-12	1.1161	1.1139	1.1224	1.113	0.22
2016-8-11	1.1137	1.1175	1.1194	1.1133	-0.36
2016-8-10	1.1177	1.1118	1.1193	1.1102	0.52
2016-8-9	1.1119	1.109	1.1124	1.107	0.23
2016-8-8	1.1093	1.1087	1.1107	1.1073	0.07
2016-8-5	1.1085	1.1127	1.1162	1.1043	-0.40
2016-8-4	1.113	1.1149	1.1158	1.1114	-0.17
2016-8-3	1.1149	1.1224	1.1233	1.1139	-0.69
2016-8-2	1.1227	1.1162	1.1236	1.1156	0.58
2016-8-1	1.1162	1.1177	1.1186	1.1157	-0.11
2016-7-29	1.1174	1.1079	1.12	1.1071	0.88
2016-7-28	1.1076	1.1058	1.1119	1.1049	0.16
2016-7-27	1.1058	1.0985	1.1067	1.0962	0.65
2016-7-26	1.0987	1.0997	1.1031	1.0978	-0.06
2016-7-25	1.0994	1.0972	1.1002	1.0954	0.16
2016-7-22	1.0976	1.103	1.1042	1.0954	-0.44
2016-7-21	1.1025	1.1013	1.106	1.0981	0.09
2016-7-20	1.1015	1.102	1.1032	1.0981	-0.06
2016-7-19	1.1022	1.1073	1.1086	1.0999	-0.47
2016-7-18	1.1074	1.1043	1.1086	1.1038	0.34
2016-7-15	1.1036	1.1118	1.115	1.1023	-0.76
2016-7-14	1.112	1.1089	1.1166	1.1085	0.27
2016-7-13	1.109	1.1061	1.1121	1.1043	0.28
2016-7-12	1.1059	1.1058	1.1127	1.1051	0.01
2016-7-11	1.1058	1.1052	1.1076	1.1016	0.03
2016-7-8	1.1055	1.1062	1.1115	1.1001	-0.07
2016-7-7	1.1063	1.1101	1.1113	1.1053	-0.32
2016-7-6	1.1099	1.1075	1.1112	1.103	0.21
2016-7-5	1.1076	1.1154	1.1184	1.1059	-0.72
2016-7-4	1.1156	1.1142	1.1166	1.1097	0.18
2016-7-1	1.1136	1.1104	1.1169	1.107	0.28
2016-6-30	1.1105	1.1124	1.1157	1.1023	-0.18
2016-6-29	1.1125	1.1065	1.1131	1.1048	0.53
2016-6-28	1.1066	1.1025	1.1112	1.1007	0.36
2016-6-27	1.1026	1.1072	1.1087	1.0972	-0.82
2016-6-24	1.1117	1.1392	1.1434	1.0911	-2.38
2016-6-23	1.1388	1.1298	1.1424	1.1297	0.81
2016-6-22	1.1297	1.1242	1.1339	1.1236	0.49
2016-6-21	1.1242	1.1312	1.1351	1.1241	-0.64
2016-6-20	1.1314	1.1285	1.1386	1.1284	0.33
2016-6-17	1.1277	1.1226	1.1299	1.1221	0.45
2016-6-16	1.1226	1.126	1.1298	1.1132	-0.29
2016-6-15	1.1259	1.1205	1.1299	1.119	0.46
2016-6-14	1.1208	1.1293	1.1304	1.1188	-0.74
2016-6-13	1.1292	1.1253	1.1304	1.1233	0.36
2016-6-10	1.1251	1.1317	1.1329	1.1245	-0.57
2016-6-9	1.1316	1.1399	1.1417	1.1305	-0.68
2016-6-8	1.1394	1.1358	1.1412	1.1349	0.32
2016-6-7	1.1358	1.1355	1.1382	1.1338	0.03
2016-6-6	1.1355	1.1353	1.1396	1.1328	-0.11
2016-6-3	1.1367	1.1152	1.1377	1.1136	1.94
2016-6-2	1.1151	1.1189	1.1221	1.1142	-0.33
2016-6-1	1.1188	1.1133	1.1198	1.1114	0.50
2016-5-31	1.1132	1.1138	1.1176	1.1123	-0.13
2016-5-30	1.1146	1.1117	1.1148	1.1099	0.28
2016-5-27	1.1115	1.1193	1.1201	1.1107	-0.71
2016-5-26	1.1194	1.1154	1.1218	1.1144	0.35
2016-5-25	1.1155	1.1141	1.1169	1.1128	0.13
2016-5-24	1.1141	1.1219	1.1228	1.113	-0.70
2016-5-23	1.1219	1.1218	1.1246	1.1187	-0.04
2016-5-20	1.1224	1.1204	1.1239	1.1194	0.19
2016-5-19	1.1203	1.1216	1.123	1.1179	-0.12
2016-5-18	1.1217	1.1313	1.1327	1.1212	-0.86
2016-5-17	1.1314	1.1321	1.135	1.1303	-0.05
2016-5-16	1.132	1.1311	1.1345	1.1302	0.11
2016-5-13	1.1308	1.1378	1.1383	1.1284	-0.61
2016-5-12	1.1377	1.1426	1.1434	1.1368	-0.44
2016-5-11	1.1427	1.1373	1.1448	1.1368	0.48
2016-5-10	1.1372	1.1385	1.1413	1.1361	-0.10
2016-5-9	1.1383	1.1401	1.1422	1.1375	-0.19
2016-5-6	1.1405	1.1408	1.1479	1.1387	0.00
2016-5-5	1.1405	1.1486	1.1496	1.1385	-0.71
2016-5-4	1.1487	1.1496	1.153	1.1467	-0.09
2016-5-3	1.1497	1.1533	1.1616	1.1495	-0.30
2016-5-2	1.1532	1.1447	1.1539	1.1446	0.66
2016-4-29	1.1456	1.1354	1.1461	1.1335	0.91
2016-4-28	1.1353	1.132	1.137	1.1296	0.28
2016-4-27	1.1321	1.1298	1.1363	1.1274	0.19
2016-4-26	1.1299	1.1264	1.1339	1.1255	0.29
2016-4-25	1.1266	1.1231	1.128	1.1216	0.28
2016-4-22	1.1234	1.1291	1.1312	1.122	-0.48
2016-4-21	1.1288	1.1297	1.1396	1.1272	-0.08
2016-4-20	1.1297	1.1356	1.1388	1.1288	-0.54
2016-4-19	1.1358	1.1314	1.1387	1.1302	0.39
2016-4-18	1.1314	1.1297	1.1334	1.1274	0.27
2016-4-15	1.1283	1.1271	1.132	1.1246	0.13
2016-4-14	1.1268	1.1274	1.1296	1.1234	-0.05
2016-4-13	1.1274	1.1385	1.1393	1.1266	-0.98
2016-4-12	1.1386	1.1408	1.1466	1.1347	-0.19
2016-4-11	1.1408	1.1407	1.1448	1.1373	0.06
2016-4-8	1.1401	1.1379	1.1421	1.1349	0.21
2016-4-7	1.1377	1.1398	1.1455	1.1337	-0.19
2016-4-6	1.1399	1.1384	1.1434	1.1327	0.13
2016-4-5	1.1384	1.1389	1.1406	1.1336	-0.07
2016-4-4	1.1392	1.1393	1.1414	1.1357	0.04
2016-4-1	1.1387	1.138	1.1439	1.1334	0.06
2016-3-31	1.138	1.1338	1.1413	1.1309	0.37
2016-3-30	1.1338	1.129	1.1366	1.1281	0.42
2016-3-29	1.1291	1.1198	1.1305	1.1168	0.85
2016-3-28	1.1196	1.1164	1.1221	1.1154	0.27
2016-3-25	1.1166	1.1176	1.1189	1.1153	-0.07
2016-3-24	1.1174	1.1179	1.1188	1.1143	-0.09
2016-3-23	1.1184	1.1218	1.1224	1.1158	-0.29
2016-3-22	1.1217	1.1245	1.1263	1.119	-0.21
2016-3-21	1.1241	1.127	1.1286	1.1235	-0.26
2016-3-18	1.127	1.1319	1.1339	1.1257	-0.43
2016-3-17	1.1319	1.1224	1.1344	1.1205	0.84
2016-3-16	1.1225	1.111	1.1245	1.1058	1.04
2016-3-15	1.1109	1.11	1.1125	1.1071	0.03
2016-3-14	1.1106	1.1151	1.1177	1.1076	-0.42
2016-3-11	1.1153	1.1177	1.1212	1.1081	-0.21
2016-3-10	1.1177	1.0998	1.1218	1.0821	1.62
2016-3-9	1.0999	1.1012	1.1037	1.0946	-0.11
2016-3-8	1.1011	1.1014	1.1059	1.0992	-0.03
2016-3-7	1.1014	1.1008	1.1027	1.094	0.09
2016-3-4	1.1004	1.0958	1.1045	1.0903	0.43
2016-3-3	1.0957	1.0867	1.0974	1.0853	0.82
2016-3-2	1.0868	1.0868	1.0881	1.0825	0.01
2016-3-1	1.0867	1.0873	1.0896	1.0835	-0.06
2016-2-29	1.0873	1.0932	1.0964	1.0858	-0.56
2016-2-26	1.0934	1.102	1.1071	1.0913	-0.81
2016-2-25	1.1023	1.1014	1.1052	1.0987	0.09
2016-2-24	1.1013	1.1019	1.1047	1.0957	-0.06
2016-2-23	1.102	1.1031	1.1055	1.0991	-0.08
2016-2-22	1.1029	1.1128	1.1137	1.1003	-0.94
2016-2-19	1.1134	1.1107	1.114	1.1067	0.24
2016-2-18	1.1107	1.113	1.1153	1.1072	-0.19
2016-2-17	1.1128	1.1143	1.118	1.1104	-0.14
2016-2-16	1.1144	1.1155	1.1196	1.1123	-0.10
2016-2-15	1.1155	1.1251	1.1253	1.1127	-0.93
2016-2-12	1.126	1.1328	1.1335	1.1215	-0.57
2016-2-11	1.1324	1.1292	1.1378	1.1274	0.30
2016-2-10	1.129	1.1292	1.1311	1.1159	-0.03
2016-2-9	1.1293	1.1197	1.1339	1.1163	0.85
2016-2-8	1.1198	1.1159	1.1218	1.1087	0.35
2016-2-5	1.1159	1.1209	1.1246	1.111	-0.44
2016-2-4	1.1208	1.1104	1.124	1.107	0.94
2016-2-3	1.1104	1.0917	1.1146	1.0903	1.69
2016-2-2	1.0919	1.0892	1.0944	1.0886	0.28
2016-2-1	1.0888	1.0833	1.0915	1.0814	0.47
2016-1-29	1.0837	1.0938	1.0951	1.0812	-0.93
2016-1-28	1.0939	1.0891	1.0969	1.0869	0.42
2016-1-27	1.0893	1.0871	1.0917	1.0851	0.20
2016-1-26	1.0871	1.085	1.0875	1.0819	0.20
2016-1-25	1.0849	1.0799	1.0858	1.0788	0.48
2016-1-22	1.0797	1.0874	1.0879	1.079	-0.71
2016-1-21	1.0874	1.0893	1.0922	1.0779	-0.16
2016-1-20	1.0891	1.091	1.0977	1.0877	-0.16
2016-1-19	1.0909	1.0892	1.0941	1.0861	0.16
2016-1-18	1.0892	1.0918	1.0941	1.0869	-0.23
2016-1-15	1.0917	1.0866	1.0987	1.0855	0.48
2016-1-14	1.0865	1.088	1.0945	1.0835	-0.11
2016-1-13	1.0877	1.0858	1.0891	1.0807	0.18
2016-1-12	1.0857	1.0859	1.0904	1.0822	-0.03
2016-1-11	1.086	1.0923	1.0969	1.0847	-0.66
2016-1-8	1.0932	1.0934	1.0936	1.0804	-0.04
2016-1-7	1.0936	1.0779	1.0941	1.077	1.44
2016-1-6	1.0781	1.0749	1.0802	1.0721	0.31
2016-1-5	1.0748	1.0831	1.084	1.0711	-0.77
2016-1-4	1.0831	1.0858	1.0949	1.0783	-0.27
2016-1-1	1.086	1.0862	1.0869	1.0845	-0.01
2015-12-31	1.0861	1.0932	1.0938	1.085	-0.65
2015-12-30	1.0932	1.092	1.0947	1.0903	0.14
2015-12-29	1.0917	1.0968	1.0992	1.0899	-0.46
2015-12-28	1.0968	1.0965	1.0995	1.0951	-0.08
2015-12-25	1.0977	1.0973	1.0979	1.0945	0.05
2015-12-24	1.0972	1.0913	1.0976	1.0903	0.58
2015-12-23	1.0909	1.0955	1.0957	1.0869	-0.42
2015-12-22	1.0955	1.0913	1.0985	1.0901	0.37
2015-12-21	1.0915	1.0863	1.0941	1.0848	0.43
2015-12-18	1.0868	1.0828	1.0877	1.0806	0.40
2015-12-17	1.0825	1.0915	1.0915	1.08	-0.81
2015-12-16	1.0913	1.0932	1.1008	1.0888	-0.14
2015-12-15	1.0928	1.0991	1.1059	1.0903	-0.58
2015-12-14	1.0992	1.0985	1.105	1.0946	0.03
2015-12-11	1.0989	1.0943	1.1033	1.0926	0.44
2015-12-10	1.0941	1.1027	1.1029	1.0924	-0.76
2015-12-9	1.1025	1.0888	1.1042	1.0877	1.20
2015-12-8	1.0894	1.0835	1.0901	1.0827	0.54
2015-12-7	1.0835	1.0859	1.0888	1.0795	-0.47
2015-12-4	1.0886	1.0939	1.0957	1.0837	-0.50
2015-12-3	1.0941	1.0616	1.0983	1.0541	3.07
2015-12-2	1.0615	1.0633	1.0644	1.0553	-0.15
2015-12-1	1.0631	1.0566	1.0638	1.0562	0.63
2015-11-30	1.0564	1.0591	1.0596	1.0558	-0.27
2015-11-27	1.0593	1.061	1.064	1.057	-0.16
2015-11-26	1.061	1.0627	1.0633	1.06	-0.16
2015-11-25	1.0627	1.0642	1.069	1.0566	-0.13
2015-11-24	1.0641	1.0634	1.0674	1.062	0.05
2015-11-23	1.0636	1.0647	1.0658	1.0593	-0.09
2015-11-20	1.0646	1.0736	1.0745	1.0641	-0.82
2015-11-19	1.0734	1.0657	1.0764	1.0654	0.70
2015-11-18	1.0659	1.064	1.0694	1.0617	0.14
2015-11-17	1.0644	1.069	1.0696	1.0633	-0.39
2015-11-16	1.0686	1.0751	1.0781	1.0675	-0.86
2015-11-13	1.0779	1.0816	1.0818	1.0715	-0.35
2015-11-12	1.0817	1.0743	1.0829	1.069	0.68
2015-11-11	1.0744	1.0724	1.0774	1.0705	0.19
2015-11-10	1.0724	1.0751	1.0764	1.0673	-0.26
2015-11-9	1.0752	1.0738	1.0793	1.0719	0.10
2015-11-6	1.0741	1.0886	1.0896	1.0709	-1.31
2015-11-5	1.0884	1.0865	1.0898	1.0835	0.19
2015-11-4	1.0863	1.0962	1.0968	1.0842	-0.96
2015-11-3	1.0968	1.1014	1.1031	1.0936	-0.43
2015-11-2	1.1015	1.1015	1.1053	1.1001	0.08
2015-10-30	1.1006	1.0976	1.1073	1.0964	0.27
2015-10-29	1.0976	1.0924	1.0985	1.0903	0.51
2015-10-28	1.092	1.105	1.1096	1.0894	-1.16
2015-10-27	1.1048	1.1056	1.1079	1.1029	-0.07
2015-10-26	1.1056	1.1008	1.1069	1.0987	0.34
2015-10-23	1.1018	1.1111	1.1142	1.0997	-0.80
2015-10-22	1.1107	1.1338	1.1351	1.1098	-2.05
2015-10-21	1.1339	1.1347	1.138	1.1335	-0.05
2015-10-20	1.1345	1.1326	1.1387	1.1324	0.16
2015-10-19	1.1327	1.1352	1.1382	1.1307	-0.18
2015-10-16	1.1347	1.1383	1.1397	1.1334	-0.32
2015-10-15	1.1383	1.1474	1.1496	1.1363	-0.78
2015-10-14	1.1473	1.1378	1.149	1.1374	0.83
2015-10-13	1.1379	1.1358	1.1413	1.1346	0.21
2015-10-12	1.1355	1.1355	1.1397	1.1351	-0.03
2015-10-9	1.1358	1.1282	1.1391	1.1269	0.70
2015-10-8	1.1279	1.1235	1.1325	1.1232	0.39
2015-10-7	1.1235	1.1269	1.1284	1.121	-0.32
2015-10-6	1.1271	1.1193	1.1282	1.1174	0.77
2015-10-5	1.1185	1.122	1.129	1.117	-0.23
2015-10-2	1.1211	1.1196	1.1319	1.1151	0.14
2015-10-1	1.1195	1.1176	1.121	1.1134	0.16
2015-9-30	1.1177	1.1246	1.1262	1.1157	-0.64
2015-9-29	1.1249	1.1247	1.1285	1.1196	0.03
2015-9-28	1.1246	1.1195	1.125	1.1149	0.46
2015-9-25	1.1195	1.1227	1.1231	1.1115	-0.31
2015-9-24	1.123	1.1185	1.1296	1.1164	0.38
2015-9-23	1.1187	1.112	1.1214	1.1105	0.60
2015-9-22	1.112	1.1188	1.1209	1.1114	-0.62
2015-9-21	1.1189	1.1284	1.1332	1.1183	-1.03
2015-9-18	1.1305	1.1435	1.146	1.1267	-1.15
2015-9-17	1.1437	1.129	1.1442	1.1284	1.30
2015-9-16	1.129	1.1267	1.1321	1.1212	0.20
2015-9-15	1.1267	1.1313	1.1328	1.1258	-0.48
2015-9-14	1.1321	1.1338	1.1375	1.1285	-0.17
2015-9-11	1.134	1.1279	1.1349	1.1254	0.53
2015-9-10	1.128	1.1209	1.1299	1.1174	0.65
2015-9-9	1.1207	1.1202	1.1219	1.1133	0.06
2015-9-8	1.12	1.117	1.1229	1.1152	0.29
2015-9-7	1.1168	1.1157	1.1178	1.112	0.19
2015-9-4	1.1147	1.1124	1.1181	1.1089	0.21
2015-9-3	1.1124	1.1227	1.1246	1.1088	-0.92
2015-9-2	1.1227	1.1311	1.1319	1.1214	-0.81
2015-9-1	1.1319	1.1211	1.1333	1.1206	0.94
2015-8-31	1.1214	1.1176	1.1265	1.1162	0.31
2015-8-28	1.1179	1.1247	1.131	1.1156	-0.59
2015-8-27	1.1245	1.1314	1.1366	1.1204	-0.62
2015-8-26	1.1315	1.1515	1.1561	1.129	-1.75
2015-8-25	1.1517	1.1619	1.1625	1.1399	-0.89
2015-8-24	1.162	1.1363	1.1713	1.1363	2.03
2015-8-21	1.1389	1.1244	1.1393	1.1229	1.31
2015-8-20	1.1242	1.1117	1.1246	1.1105	1.11
2015-8-19	1.1119	1.1023	1.1137	1.1019	0.89
2015-8-18	1.1021	1.1083	1.1096	1.1018	-0.54
2015-8-17	1.1081	1.1106	1.1125	1.1058	-0.23
2015-8-14	1.1107	1.1149	1.1189	1.1096	-0.38
2015-8-13	1.1149	1.1157	1.1189	1.108	-0.07
2015-8-12	1.1157	1.104	1.1212	1.1023	1.06
2015-8-11	1.104	1.1019	1.1088	1.096	0.19
2015-8-10	1.1019	1.0969	1.1044	1.0927	0.46
2015-8-7	1.0968	1.093	1.0981	1.0857	0.39
2015-8-6	1.0925	1.0909	1.0944	1.0876	0.17
2015-8-5	1.0906	1.0883	1.0938	1.0849	0.22
2015-8-4	1.0882	1.0951	1.0989	1.0877	-0.63
2015-8-3	1.0951	1.097	1.0997	1.0941	-0.34
2015-7-31	1.0988	1.0934	1.1114	1.0921	0.50
2015-7-30	1.0933	1.0987	1.0992	1.0894	-0.48
2015-7-29	1.0986	1.1061	1.1086	1.0967	-0.66
2015-7-28	1.1059	1.1089	1.1101	1.1022	-0.32
2015-7-27	1.1094	1.0974	1.113	1.097	1.00
2015-7-24	1.0984	1.0983	1.0997	1.0926	0.01
2015-7-23	1.0983	1.0928	1.1019	1.0922	0.45
2015-7-22	1.0934	1.0936	1.0966	1.0869	-0.03
2015-7-21	1.0937	1.0825	1.097	1.0811	1.02
2015-7-20	1.0827	1.0833	1.0872	1.081	-0.02
2015-7-17	1.0829	1.0875	1.0907	1.0827	-0.42
2015-7-16	1.0875	1.0947	1.0964	1.0856	-0.68
2015-7-15	1.0949	1.101	1.1035	1.093	-0.57
2015-7-14	1.1012	1.1004	1.1084	1.0966	0.07
2015-7-13	1.1004	1.1107	1.1197	1.0995	-1.43
2015-7-10	1.1164	1.1037	1.1218	1.1031	1.14
2015-7-9	1.1038	1.1078	1.1126	1.0992	-0.35
2015-7-8	1.1077	1.1012	1.1094	1.0974	0.59
2015-7-7	1.1012	1.1056	1.1061	1.0917	-0.41
2015-7-6	1.1057	1.0993	1.1097	1.0969	-0.51
2015-7-3	1.1114	1.1086	1.1119	1.1066	0.27
2015-7-2	1.1084	1.1054	1.1124	1.1031	0.27
2015-7-1	1.1054	1.1139	1.1172	1.1042	-0.75
2015-6-30	1.1138	1.1237	1.1246	1.1114	-0.87
2015-6-29	1.1236	1.1031	1.1279	1.0954	0.63
2015-6-26	1.1166	1.1207	1.1221	1.1131	-0.34
2015-6-25	1.1204	1.1204	1.1227	1.1153	-0.03
2015-6-24	1.1207	1.1171	1.1237	1.1156	0.33
2015-6-23	1.117	1.1341	1.1348	1.1135	-1.51
2015-6-22	1.1341	1.1363	1.1411	1.1312	-0.11
2015-6-19	1.1353	1.136	1.1393	1.1292	-0.06
2015-6-18	1.136	1.1337	1.1438	1.1331	0.20
2015-6-17	1.1337	1.1249	1.136	1.1213	0.79
2015-6-16	1.1248	1.1283	1.1331	1.1206	-0.32
2015-6-15	1.1284	1.1225	1.1294	1.1189	0.13
2015-6-12	1.1269	1.1258	1.1298	1.1151	0.10
2015-6-11	1.1258	1.1325	1.1332	1.1183	-0.60
2015-6-10	1.1326	1.1286	1.1387	1.1261	0.37
2015-6-9	1.1284	1.1292	1.1345	1.1214	-0.07
2015-6-8	1.1292	1.1113	1.1307	1.108	1.61
2015-6-5	1.1113	1.1239	1.1281	1.105	-1.12
2015-6-4	1.1239	1.1276	1.1381	1.1227	-0.32
2015-6-3	1.1275	1.1151	1.1284	1.1079	1.08
2015-6-2	1.1155	1.0928	1.1193	1.0915	2.08
2015-6-1	1.0928	1.0989	1.0991	1.0888	-0.55
2015-5-29	1.0988	1.0948	1.1006	1.0926	0.36
2015-5-28	1.0949	1.0905	1.096	1.0869	0.40
2015-5-27	1.0905	1.0873	1.0931	1.082	0.29
2015-5-26	1.0873	1.0978	1.0985	1.0863	-0.96
2015-5-25	1.0978	1.1006	1.1012	1.0961	-0.36
2015-5-22	1.1018	1.1115	1.1211	1.1004	-0.85
2015-5-21	1.1113	1.1092	1.1181	1.108	0.18
2015-5-20	1.1093	1.115	1.1156	1.1063	-0.50
2015-5-19	1.1149	1.1317	1.1328	1.1119	-1.47
2015-5-18	1.1315	1.1441	1.145	1.1298	-1.20
2015-5-15	1.1452	1.141	1.1467	1.1324	0.37
2015-5-14	1.141	1.1359	1.1447	1.1341	0.47
2015-5-13	1.1357	1.1214	1.1385	1.1204	1.28
2015-5-12	1.1214	1.1155	1.1277	1.1134	0.53
2015-5-11	1.1155	1.1197	1.1207	1.1131	-0.44
2015-5-8	1.1204	1.1267	1.129	1.1178	-0.56
2015-5-7	1.1267	1.1347	1.1393	1.1237	-0.76
2015-5-6	1.1353	1.1187	1.1372	1.1176	1.49
2015-5-5	1.1186	1.1147	1.1223	1.1067	0.36
2015-5-4	1.1146	1.1202	1.1226	1.1123	-0.50
2015-5-1	1.1202	1.1223	1.129	1.1176	-0.20
2015-4-30	1.1225	1.113	1.1269	1.1073	0.84
2015-4-29	1.1132	1.0983	1.1189	1.096	1.38
2015-4-28	1.0981	1.0894	1.0991	1.0859	0.85
2015-4-27	1.0888	1.0873	1.0928	1.0821	0.13
2015-4-24	1.0874	1.0825	1.0901	1.0785	0.43
2015-4-23	1.0827	1.0726	1.0848	1.0667	0.94
2015-4-22	1.0726	1.0736	1.0802	1.0709	-0.09
2015-4-21	1.0736	1.074	1.0784	1.0661	-0.01
2015-4-20	1.0737	1.0821	1.0825	1.0713	-0.65
2015-4-17	1.0807	1.0762	1.085	1.0737	0.42
2015-4-16	1.0762	1.0684	1.0819	1.0625	0.71
2015-4-15	1.0686	1.0655	1.0703	1.0572	0.30
2015-4-14	1.0654	1.0566	1.0709	1.053	0.81
2015-4-13	1.0568	1.0602	1.0619	1.052	-0.34
2015-4-10	1.0604	1.066	1.0685	1.0569	-0.52
2015-4-9	1.0659	1.0781	1.0789	1.0638	-1.13
2015-4-8	1.0781	1.0816	1.0888	1.0764	-0.32
2015-4-7	1.0816	1.0922	1.0957	1.0805	-0.99
2015-4-6	1.0924	1.0991	1.1037	1.0911	-0.49
2015-4-3	1.0978	1.0883	1.1028	1.0864	0.86
2015-4-2	1.0884	1.0764	1.0905	1.0751	1.11
2015-4-1	1.0764	1.0735	1.0801	1.0719	0.31
2015-3-31	1.0731	1.0833	1.0846	1.0713	-0.95
2015-3-30	1.0834	1.0889	1.0897	1.0811	-0.50
2015-3-27	1.0888	1.0886	1.0949	1.0802	0.04
2015-3-26	1.0884	1.0969	1.1052	1.0856	-0.80
2015-3-25	1.0972	1.0926	1.1016	1.0901	0.42
2015-3-24	1.0926	1.0947	1.1031	1.0892	-0.19
2015-3-23	1.0947	1.0837	1.0972	1.0768	1.16
2015-3-20	1.0822	1.0661	1.0883	1.065	1.52
2015-3-19	1.066	1.0866	1.0915	1.0613	-1.90
2015-3-18	1.0867	1.0598	1.1033	1.0581	2.54
2015-3-17	1.0598	1.0566	1.065	1.0551	0.28
2015-3-16	1.0568	1.0494	1.0621	1.0459	0.70
2015-3-13	1.0495	1.0637	1.0639	1.0462	-1.32
2015-3-12	1.0635	1.0547	1.0684	1.0495	0.83
2015-3-11	1.0547	1.0699	1.0718	1.0511	-1.41
2015-3-10	1.0698	1.0851	1.0856	1.0692	-1.42
2015-3-9	1.0852	1.0832	1.0908	1.0823	0.07
2015-3-6	1.0844	1.1033	1.1035	1.0842	-1.70
2015-3-5	1.1031	1.1079	1.1115	1.0989	-0.43
2015-3-4	1.1079	1.1178	1.1187	1.1062	-0.87
2015-3-3	1.1176	1.1183	1.1219	1.1155	-0.08
2015-3-2	1.1185	1.1187	1.1242	1.1159	-0.09
2015-2-27	1.1195	1.1199	1.1248	1.1178	-0.03
2015-2-26	1.1198	1.1361	1.1381	1.1184	-1.44
2015-2-25	1.1362	1.134	1.1389	1.1334	0.19
2015-2-24	1.1341	1.1336	1.136	1.1289	0.08
2015-2-23	1.1332	1.1385	1.1414	1.1296	-0.43
2015-2-20	1.1381	1.137	1.1431	1.128	0.13
2015-2-19	1.1366	1.1397	1.145	1.1355	-0.27
2015-2-18	1.1397	1.1412	1.1418	1.1334	-0.13
2015-2-17	1.1412	1.1354	1.145	1.1322	0.52
2015-2-16	1.1353	1.1385	1.1429	1.1317	-0.28
2015-2-13	1.1385	1.1403	1.1443	1.138	-0.16
2015-2-12	1.1403	1.1334	1.1423	1.1302	0.61
2015-2-11	1.1334	1.1321	1.1349	1.128	0.11
2015-2-10	1.1321	1.1327	1.1347	1.1274	-0.03
2015-2-9	1.1324	1.1315	1.1359	1.1271	0.08
2015-2-6	1.1315	1.1477	1.1488	1.1313	-1.41
2015-2-5	1.1477	1.1345	1.15	1.1304	1.15
2015-2-4	1.1347	1.1482	1.1486	1.1317	-1.17
2015-2-3	1.1481	1.1343	1.1534	1.1313	1.23
2015-2-2	1.1342	1.1284	1.1364	1.128	0.48
2015-1-30	1.1288	1.1321	1.1366	1.1279	-0.28
2015-1-29	1.132	1.1287	1.1369	1.1261	0.28
2015-1-28	1.1288	1.1382	1.1385	1.1276	-0.82
2015-1-27	1.1381	1.1237	1.1423	1.1224	1.26
2015-1-26	1.1239	1.1186	1.1297	1.1099	0.28
2015-1-23	1.1208	1.1366	1.1374	1.1114	-1.39
2015-1-22	1.1366	1.161	1.1648	1.1317	-2.10
2015-1-21	1.161	1.1553	1.1677	1.1542	0.51
2015-1-20	1.1551	1.1606	1.1616	1.154	-0.47
2015-1-19	1.1606	1.1551	1.1641	1.1545	0.31
2015-1-16	1.157	1.1633	1.165	1.1462	-0.52
2015-1-15	1.1631	1.1789	1.1795	1.157	-1.34
2015-1-14	1.1789	1.1772	1.1846	1.1726	0.14
2015-1-13	1.1772	1.1833	1.186	1.1753	-0.52
2015-1-12	1.1834	1.1838	1.1871	1.1786	-0.06
2015-1-9	1.1841	1.1793	1.1848	1.1763	0.41
2015-1-8	1.1793	1.1839	1.1848	1.1753	-0.39
2015-1-7	1.1839	1.1892	1.1898	1.1803	-0.42
2015-1-6	1.1889	1.1933	1.1969	1.1884	-0.38
2015-1-5	1.1934	1.2003	1.2008	1.1883	-0.57
2015-1-2	1.2003	1.2106	1.2111	1.2001	-0.83
2015-1-1	1.2104	1.21	1.2107	1.2094	0.05
2014-12-31	1.2098	1.2155	1.2172	1.2096	-0.49
2014-12-30	1.2157	1.2151	1.2188	1.2123	0.04
2014-12-29	1.2152	1.2182	1.2221	1.2142	-0.20
2014-12-26	1.2176	1.2224	1.2228	1.2168	-0.38
2014-12-25	1.2222	1.2195	1.2256	1.2186	0.22
2014-12-24	1.2195	1.2172	1.2222	1.217	0.19
2014-12-23	1.2172	1.2231	1.2247	1.2165	-0.48
2014-12-22	1.2231	1.2226	1.2273	1.2216	0.02
2014-12-19	1.2228	1.2288	1.2305	1.2222	-0.47
2014-12-18	1.2286	1.2342	1.2353	1.2265	-0.46
2014-12-17	1.2343	1.2512	1.2517	1.2322	-1.34
2014-12-16	1.2511	1.2437	1.2571	1.2433	0.59
2014-12-15	1.2437	1.2462	1.2485	1.2414	-0.20
2014-12-12	1.2462	1.2413	1.2487	1.2384	0.41
2014-12-11	1.2411	1.2448	1.2496	1.237	-0.30
2014-12-10	1.2448	1.2374	1.2449	1.2361	0.59
2014-12-9	1.2375	1.2317	1.2448	1.2292	0.47
2014-12-8	1.2317	1.2278	1.2344	1.2246	0.26
2014-12-5	1.2285	1.238	1.2393	1.2271	-0.76
2014-12-4	1.2379	1.2313	1.2458	1.2282	0.55
2014-12-3	1.2311	1.2382	1.2391	1.23	-0.58
2014-12-2	1.2383	1.2471	1.2478	1.2377	-0.70
2014-12-1	1.247	1.2456	1.2507	1.2419	0.14
2014-11-28	1.2452	1.2468	1.2492	1.2427	-0.12
2014-11-27	1.2467	1.2506	1.2524	1.2464	-0.31
2014-11-26	1.2506	1.2475	1.2532	1.2443	0.25
2014-11-25	1.2475	1.2443	1.2487	1.2401	0.26
2014-11-24	1.2443	1.2376	1.2445	1.2357	0.43
2014-11-21	1.239	1.2541	1.2571	1.2376	-1.20
2014-11-20	1.254	1.2555	1.2576	1.2504	-0.11
2014-11-19	1.2554	1.2537	1.26	1.2512	0.14
2014-11-18	1.2537	1.245	1.2546	1.2442	0.70
2014-11-17	1.245	1.2526	1.2578	1.2444	-0.58
2014-11-14	1.2523	1.2477	1.2548	1.2399	0.37
2014-11-13	1.2477	1.2439	1.2492	1.2426	0.31
2014-11-12	1.2439	1.2476	1.2499	1.2418	-0.29
2014-11-11	1.2475	1.2421	1.25	1.2394	0.43
2014-11-10	1.2421	1.2452	1.251	1.2417	-0.26
2014-11-7	1.2454	1.2376	1.2471	1.2359	0.64
2014-11-6	1.2375	1.2487	1.2535	1.2365	-0.89
2014-11-5	1.2486	1.2546	1.2568	1.2457	-0.48
2014-11-4	1.2546	1.2483	1.2578	1.2481	0.50
2014-11-3	1.2483	1.2515	1.2517	1.2441	-0.34
2014-10-31	1.2525	1.2612	1.2618	1.2485	-0.70
2014-10-30	1.2613	1.2631	1.264	1.2547	-0.15
2014-10-29	1.2632	1.2735	1.2772	1.2631	-0.80
2014-10-28	1.2734	1.2698	1.2765	1.2683	0.28
2014-10-27	1.2698	1.2683	1.2725	1.2666	0.22
2014-10-24	1.267	1.2645	1.2696	1.2633	0.18
2014-10-23	1.2647	1.2651	1.2679	1.2614	-0.02
2014-10-22	1.2649	1.2716	1.274	1.2636	-0.52
2014-10-21	1.2715	1.2801	1.2841	1.2713	-0.66
2014-10-20	1.2799	1.2758	1.2817	1.2731	0.28
2014-10-17	1.2763	1.2811	1.2837	1.2744	-0.36
2014-10-16	1.2809	1.2837	1.2847	1.2706	-0.22
2014-10-15	1.2837	1.2659	1.2886	1.2624	1.41
2014-10-14	1.2659	1.2752	1.2769	1.264	-0.74
2014-10-13	1.2753	1.2637	1.2762	1.2619	0.99
2014-10-10	1.2628	1.2691	1.2716	1.2605	-0.50
2014-10-9	1.2691	1.2732	1.2792	1.2664	-0.34
2014-10-8	1.2734	1.2669	1.2749	1.2622	0.51
2014-10-7	1.267	1.2656	1.2683	1.2584	0.13
2014-10-6	1.2654	1.251	1.2677	1.2504	1.09
2014-10-3	1.2517	1.2668	1.2676	1.25	-1.19
2014-10-2	1.2668	1.2622	1.2698	1.2612	0.35
2014-10-1	1.2624	1.2631	1.264	1.2584	-0.06
2014-9-30	1.2632	1.2684	1.2703	1.2571	-0.42
2014-9-29	1.2685	1.2685	1.2716	1.2664	0.00
2014-9-26	1.2685	1.2752	1.2761	1.2677	-0.51
2014-9-25	1.275	1.278	1.2784	1.2698	-0.23
2014-9-24	1.278	1.2846	1.2864	1.2774	-0.52
2014-9-23	1.2847	1.2851	1.2903	1.2842	-0.02
2014-9-22	1.285	1.2827	1.2868	1.2815	0.16
2014-9-19	1.2829	1.2923	1.293	1.2827	-0.73
2014-9-18	1.2923	1.2865	1.2931	1.2834	0.44
2014-9-17	1.2866	1.2959	1.2982	1.2851	-0.73
2014-9-16	1.296	1.2938	1.2995	1.2922	0.14
2014-9-15	1.2942	1.2976	1.2982	1.2908	-0.18
2014-9-12	1.2965	1.2925	1.298	1.2909	0.30
2014-9-11	1.2926	1.2917	1.2952	1.2896	0.07
2014-9-10	1.2917	1.2936	1.2963	1.2883	-0.16
2014-9-9	1.2938	1.2898	1.2959	1.286	0.32
2014-9-8	1.2897	1.2943	1.2963	1.2882	-0.41
2014-9-5	1.295	1.2944	1.2986	1.2921	0.04
2014-9-4	1.2945	1.3147	1.3155	1.2919	-1.57
2014-9-3	1.3151	1.3131	1.3161	1.3122	0.14
2014-9-2	1.3133	1.313	1.3139	1.311	0.04
2014-9-1	1.3128	1.3138	1.3146	1.3118	-0.04
2014-8-29	1.3133	1.3178	1.3197	1.3131	-0.38
2014-8-28	1.3183	1.3193	1.3221	1.3159	-0.08
2014-8-27	1.3193	1.3168	1.3211	1.3152	0.18
2014-8-26	1.3169	1.3193	1.3216	1.3165	-0.17
2014-8-25	1.3192	1.322	1.322	1.3184	-0.39
2014-8-22	1.3243	1.3283	1.3298	1.322	-0.29
2014-8-21	1.3282	1.326	1.3289	1.3242	0.17
2014-8-20	1.326	1.3321	1.3327	1.3255	-0.45
2014-8-19	1.332	1.3363	1.3366	1.3312	-0.32
2014-8-18	1.3363	1.3393	1.34	1.3352	-0.27
2014-8-15	1.3399	1.3366	1.3412	1.3358	0.25
2014-8-14	1.3365	1.3365	1.3409	1.3348	0.00
2014-8-13	1.3365	1.3369	1.3415	1.3342	-0.03
2014-8-12	1.3369	1.3386	1.3386	1.3335	-0.13
2014-8-11	1.3386	1.3401	1.3415	1.3378	-0.19
2014-8-8	1.3411	1.3363	1.3433	1.3343	0.36
2014-8-7	1.3363	1.3384	1.3394	1.3337	-0.14
2014-8-6	1.3382	1.3377	1.3388	1.3333	0.04
2014-8-5	1.3376	1.3422	1.3425	1.3358	-0.34
2014-8-4	1.3422	1.3427	1.3434	1.3408	-0.06
2014-8-1	1.343	1.3392	1.3445	1.3378	0.31
2014-7-31	1.3389	1.3396	1.3401	1.3371	-0.06
2014-7-30	1.3397	1.3409	1.3416	1.3366	-0.10
2014-7-29	1.341	1.344	1.3445	1.3403	-0.23
2014-7-28	1.3441	1.3432	1.3445	1.3426	0.07
2014-7-25	1.3432	1.3466	1.3478	1.3422	-0.24
2014-7-24	1.3464	1.3463	1.3485	1.3437	-0.01
2014-7-23	1.3465	1.3465	1.3475	1.3454	-0.01
2014-7-22	1.3466	1.3525	1.3531	1.346	-0.42
2014-7-21	1.3523	1.3527	1.355	1.3512	-0.01
2014-7-18	1.3525	1.3525	1.3535	1.3491	-0.01
2014-7-17	1.3527	1.3525	1.3541	1.3516	0.01
2014-7-16	1.3525	1.3567	1.3575	1.3519	-0.35
2014-7-15	1.3572	1.362	1.3628	1.3561	-0.35
2014-7-14	1.362	1.3602	1.364	1.3597	0.08
2014-7-11	1.3609	1.3609	1.3625	1.3591	-0.01
2014-7-10	1.361	1.3644	1.3651	1.3589	-0.26
2014-7-9	1.3645	1.3613	1.3648	1.3601	0.24
2014-7-8	1.3613	1.3605	1.3619	1.3588	0.06
2014-7-7	1.3605	1.3596	1.3611	1.3575	0.07
2014-7-4	1.3596	1.3613	1.3613	1.3586	-0.11
2014-7-3	1.3611	1.3659	1.3665	1.3596	-0.36
2014-7-2	1.366	1.3679	1.3684	1.3642	-0.14
2014-7-1	1.3679	1.3692	1.3701	1.3675	-0.09
2014-6-30	1.3692	1.3646	1.3698	1.3639	0.32
2014-6-27	1.3649	1.3611	1.3652	1.3609	0.28
2014-6-26	1.3611	1.3628	1.3641	1.3575	-0.14
2014-6-25	1.363	1.3607	1.3652	1.3599	0.18
2014-6-24	1.3605	1.3603	1.3628	1.3582	0.00
2014-6-23	1.3605	1.3596	1.3615	1.3575	0.04
2014-6-20	1.3599	1.3607	1.3634	1.3563	-0.07
2014-6-19	1.3609	1.3596	1.3643	1.3582	0.10
2014-6-18	1.3596	1.3546	1.3599	1.354	0.37
2014-6-17	1.3546	1.3574	1.3588	1.3536	-0.21
2014-6-16	1.3575	1.3535	1.358	1.3514	0.24
2014-6-13	1.3542	1.3552	1.358	1.3519	-0.08
2014-6-12	1.3553	1.3533	1.3574	1.3512	0.15
2014-6-11	1.3533	1.3548	1.3558	1.3521	-0.11
2014-6-10	1.3548	1.3594	1.3603	1.3533	-0.34
2014-6-9	1.3594	1.3645	1.367	1.3583	-0.36
2014-6-6	1.3643	1.3662	1.3678	1.362	-0.12
2014-6-5	1.366	1.3599	1.3671	1.3504	0.45
2014-6-4	1.3599	1.3628	1.3639	1.3595	-0.21
2014-6-3	1.3628	1.3596	1.3647	1.3586	0.23
2014-6-2	1.3597	1.3636	1.3646	1.3589	-0.25
2014-5-30	1.3631	1.3601	1.365	1.3598	0.21
2014-5-29	1.3602	1.3589	1.3626	1.3585	0.08
2014-5-28	1.3591	1.3635	1.3639	1.3588	-0.32
2014-5-27	1.3634	1.3647	1.367	1.3613	-0.09
2014-5-26	1.3646	1.3626	1.3655	1.3615	0.09
2014-5-23	1.3634	1.3656	1.366	1.3615	-0.16
2014-5-22	1.3656	1.3687	1.3689	1.3645	-0.23
2014-5-21	1.3687	1.3703	1.3724	1.3635	-0.12
2014-5-20	1.3703	1.3708	1.3714	1.3678	-0.04
2014-5-19	1.3709	1.3703	1.3736	1.3688	0.10
2014-5-16	1.3695	1.3712	1.3729	1.3687	-0.12
2014-5-15	1.3711	1.3715	1.3733	1.3648	-0.03
2014-5-14	1.3715	1.3704	1.3732	1.3697	0.08
2014-5-13	1.3704	1.3758	1.3773	1.3691	-0.39
2014-5-12	1.3757	1.375	1.3775	1.3748	-0.02
2014-5-9	1.376	1.3841	1.3847	1.3746	-0.59
2014-5-8	1.3841	1.3911	1.3993	1.3832	-0.51
2014-5-7	1.3912	1.3928	1.394	1.391	-0.11
2014-5-6	1.3928	1.3875	1.3952	1.3869	0.37
2014-5-5	1.3876	1.3872	1.3892	1.3865	0.04
2014-5-2	1.387	1.3868	1.3881	1.3811	0.00
2014-5-1	1.387	1.3866	1.3889	1.3861	0.01
2014-4-30	1.3868	1.3813	1.3878	1.3777	0.41
2014-4-29	1.3812	1.3849	1.3879	1.3805	-0.27
2014-4-28	1.385	1.3834	1.388	1.3814	0.12
2014-4-25	1.3833	1.3832	1.385	1.3826	0.01
2014-4-24	1.3832	1.3819	1.3843	1.3792	0.11
2014-4-23	1.3817	1.3805	1.3855	1.38	0.09
2014-4-22	1.3805	1.3794	1.3826	1.3785	0.09
2014-4-21	1.3792	1.3809	1.3832	1.3786	-0.17
2014-4-18	1.3815	1.3814	1.3825	1.3808	0.00
2014-4-17	1.3815	1.3816	1.3866	1.381	-0.01
2014-4-16	1.3816	1.3814	1.3852	1.3804	0.01
2014-4-15	1.3814	1.3821	1.3835	1.379	-0.05
2014-4-14	1.3821	1.3839	1.3866	1.381	-0.46
2014-4-11	1.3885	1.3888	1.3907	1.3864	-0.02
2014-4-10	1.3888	1.3855	1.3899	1.3835	0.24
2014-4-9	1.3855	1.3794	1.3862	1.3779	0.43
2014-4-8	1.3796	1.3741	1.3813	1.3737	0.40
2014-4-7	1.3741	1.3696	1.3749	1.3689	0.28
2014-4-4	1.3703	1.3719	1.3732	1.3672	-0.12
2014-4-3	1.372	1.3768	1.3807	1.3699	-0.34
2014-4-2	1.3767	1.3792	1.3821	1.3752	-0.20
2014-4-1	1.3794	1.3769	1.3817	1.3767	0.17
2014-3-31	1.3771	1.3755	1.3807	1.3734	0.13
2014-3-28	1.3753	1.374	1.3773	1.3705	0.09
2014-3-27	1.374	1.3781	1.3798	1.3729	-0.31
2014-3-26	1.3783	1.3827	1.3829	1.3777	-0.32
2014-3-25	1.3827	1.3839	1.3848	1.375	-0.09
2014-3-24	1.3839	1.3792	1.3876	1.376	0.33
2014-3-21	1.3794	1.3779	1.3813	1.3767	0.11
2014-3-20	1.3779	1.3832	1.3845	1.3749	-0.39
2014-3-19	1.3833	1.3933	1.3935	1.3809	-0.72
2014-3-18	1.3934	1.3921	1.3942	1.388	0.09
2014-3-17	1.3922	1.3911	1.3949	1.3879	0.06
2014-3-14	1.3914	1.3866	1.3937	1.3847	0.32
2014-3-13	1.3869	1.3903	1.3968	1.3844	-0.25
2014-3-12	1.3904	1.3859	1.3914	1.3841	0.32
2014-3-11	1.3859	1.3874	1.388	1.3832	-0.13
2014-3-10	1.3877	1.3875	1.3898	1.3861	-0.01
2014-3-7	1.3878	1.386	1.3917	1.3854	0.12
2014-3-6	1.3861	1.3734	1.3874	1.3723	0.93
2014-3-5	1.3733	1.3742	1.3746	1.3706	-0.08
2014-3-4	1.3744	1.3735	1.3782	1.372	0.07
2014-3-3	1.3735	1.3786	1.3793	1.3725	-0.49
2014-2-28	1.3803	1.3708	1.3824	1.3693	0.69
2014-2-27	1.3709	1.3687	1.3727	1.3642	0.15
2014-2-26	1.3688	1.3744	1.3758	1.3661	-0.42
2014-2-25	1.3746	1.3735	1.3767	1.3714	0.08
2014-2-24	1.3735	1.3735	1.377	1.3708	-0.04
2014-2-21	1.374	1.372	1.376	1.3704	0.16
2014-2-20	1.3718	1.3733	1.3763	1.3685	-0.11
2014-2-19	1.3733	1.3757	1.3774	1.3724	-0.18
2014-2-18	1.3758	1.3706	1.377	1.3694	0.36
2014-2-17	1.3708	1.3688	1.3725	1.3687	0.11
2014-2-14	1.3693	1.3681	1.3718	1.3674	0.09
2014-2-13	1.3681	1.3594	1.3694	1.3586	0.64
2014-2-12	1.3594	1.3639	1.3655	1.3563	-0.33
2014-2-11	1.3639	1.3648	1.3686	1.3631	-0.06
2014-2-10	1.3647	1.3634	1.3653	1.3609	0.09
2014-2-7	1.3635	1.359	1.3642	1.3553	0.33
2014-2-6	1.359	1.3533	1.3621	1.3485	0.42
2014-2-5	1.3533	1.3519	1.3555	1.3498	0.10
2014-2-4	1.3519	1.3525	1.3539	1.3494	-0.04
2014-2-3	1.3525	1.3493	1.3536	1.3476	0.28
2014-1-31	1.3487	1.3557	1.357	1.348	-0.51
2014-1-30	1.3556	1.3662	1.3666	1.3543	-0.78
2014-1-29	1.3663	1.3668	1.3685	1.3603	-0.04
2014-1-28	1.3669	1.3673	1.3689	1.3629	-0.02
2014-1-27	1.3672	1.3677	1.3718	1.3654	-0.04
2014-1-24	1.3678	1.3697	1.3741	1.3665	-0.12
2014-1-23	1.3695	1.3547	1.3699	1.353	1.09
2014-1-22	1.3548	1.3559	1.3584	1.3535	-0.10
2014-1-21	1.3561	1.3552	1.3571	1.3518	0.07
2014-1-20	1.3552	1.3543	1.357	1.3508	0.08
2014-1-17	1.3541	1.362	1.3623	1.3517	-0.58
2014-1-16	1.362	1.3604	1.365	1.3582	0.11
2014-1-15	1.3605	1.368	1.3684	1.3582	-0.54
2014-1-14	1.3679	1.367	1.3699	1.3648	0.05
2014-1-13	1.3672	1.3669	1.3685	1.3637	0.01
2014-1-10	1.367	1.3609	1.3689	1.3577	0.45
2014-1-9	1.3609	1.3577	1.3636	1.355	0.25
2014-1-8	1.3575	1.3617	1.3636	1.3554	-0.30
2014-1-7	1.3616	1.3627	1.3657	1.3596	-0.09
2014-1-6	1.3628	1.3589	1.3653	1.3571	0.29
2014-1-3	1.3588	1.3672	1.3674	1.3582	-0.61
2014-1-2	1.3672	1.3756	1.3777	1.363	-0.60
2014-1-1	1.3754	1.3742	1.3769	1.3742	0.06
