rate_date close open high low change_percent
2018-8-20	6.8623	6.8776	6.8791	6.8472	-0.22
2018-8-19	6.8776	6.8776	6.8776	6.8776	0.00
2018-8-17	6.8775	6.8687	6.8967	6.8687	-0.07
2018-8-16	6.8825	6.9227	6.9227	6.8816	-0.75
2018-8-15	6.9348	6.8921	6.9348	6.8877	0.74
2018-8-14	6.8842	6.8872	6.8972	6.8799	-0.10
2018-8-13	6.8913	6.8762	6.8914	6.87	0.64
2018-8-12	6.8472	6.8455	6.8473	6.8455	0.00
2018-8-10	6.8472	6.836	6.8609	6.8308	0.38
2018-8-9	6.821	6.8276	6.8381	6.813	-0.22
2018-8-8	6.8357	6.8067	6.8414	6.8002	0.06
2018-8-7	6.8318	6.851	6.8658	6.8223	-0.32
2018-8-6	6.8535	6.8276	6.8541	6.801	0.28
2018-8-5	6.8342	6.8298	6.8352	6.8298	0.01
2018-8-3	6.8332	6.8584	6.8949	6.8332	-0.14
2018-8-2	6.8428	6.8094	6.8514	6.8093	0.29
2018-8-1	6.8227	6.8294	6.8369	6.7957	0.15
2018-7-31	6.8127	6.8349	6.845	6.8127	-0.03
2018-7-30	6.815	6.8208	6.8437	6.815	0.02
2018-7-29	6.8137	6.8137	6.8137	6.8137	0.00
2018-7-27	6.8137	6.808	6.8409	6.8018	0.31
2018-7-26	6.7927	6.7424	6.7958	6.7423	0.34
2018-7-25	6.7697	6.7951	6.8088	6.7573	-0.32
2018-7-24	6.7915	6.8145	6.8248	6.7914	-0.02
2018-7-23	6.793	6.7535	6.7965	6.7404	0.50
2018-7-22	6.7592	6.7705	6.7705	6.7567	-0.17
2018-7-20	6.7709	6.779	6.8155	6.7699	-0.06
2018-7-19	6.7751	6.7249	6.7881	6.7242	0.83
2018-7-18	6.7196	6.7065	6.7233	6.6986	0.20
2018-7-17	6.7065	6.6931	6.7081	6.676	0.23
2018-7-16	6.6911	6.6919	6.7087	6.6751	-0.07
2018-7-15	6.6956	6.6882	6.6964	6.6882	0.06
2018-7-13	6.6917	6.6578	6.7054	6.6525	0.36
2018-7-12	6.6677	6.7023	6.7063	6.6634	-0.20
2018-7-11	6.6812	6.6734	6.6832	6.6563	0.77
2018-7-10	6.6299	6.5983	6.6353	6.5983	0.21
2018-7-9	6.6161	6.6429	6.6444	6.6135	-0.37
2018-7-8	6.6406	6.6425	6.6452	6.6389	-0.05
2018-7-6	6.6436	6.638	6.6685	6.638	0.10
2018-7-5	6.6371	6.6299	6.6478	6.6299	0.07
2018-7-4	6.6325	6.6403	6.6403	6.604	-0.15
2018-7-3	6.6425	6.7089	6.7225	6.641	-0.38
2018-7-2	6.668	6.6317	6.6681	6.6311	0.64
2018-7-1	6.6253	6.6225	6.6319	6.6225	0.06
2018-6-29	6.621	6.6305	6.6429	6.6085	-0.09
2018-6-28	6.627	6.6181	6.6335	6.609	0.34
2018-6-27	6.6047	6.5858	6.62	6.5858	0.39
2018-6-26	6.5793	6.5373	6.5818	6.5369	0.60
2018-6-25	6.54	6.5039	6.5474	6.5039	0.53
2018-6-24	6.5053	6.5052	6.5054	6.4991	-0.01
2018-6-22	6.5058	6.4947	6.5098	6.4947	0.19
2018-6-21	6.4932	6.482	6.5094	6.482	0.30
2018-6-20	6.4737	6.4654	6.4812	6.4654	-0.18
2018-6-19	6.4852	6.4428	6.4853	6.4428	0.71
2018-6-18	6.4394	6.4394	6.4394	6.4394	0.08
2018-6-17	6.434	6.4375	6.4375	6.4339	-0.08
2018-6-15	6.4394	6.4195	6.4394	6.4131	0.59
2018-6-14	6.4017	6.3986	6.4048	6.3929	0.05
2018-6-13	6.3983	6.4134	6.414	6.3968	-0.07
2018-6-12	6.4028	6.4111	6.4123	6.4023	0.02
2018-6-11	6.4017	6.4067	6.4101	6.4013	-0.08
2018-6-10	6.4067	6.4009	6.4068	6.4009	0.00
2018-6-8	6.4066	6.4005	6.4149	6.4005	0.23
2018-6-7	6.3921	6.3899	6.3987	6.3898	0.06
2018-6-6	6.3884	6.4072	6.4072	6.3862	-0.28
2018-6-5	6.4061	6.4065	6.4145	6.4001	-0.06
2018-6-4	6.41	6.423	6.4279	6.4062	-0.16
2018-6-3	6.4204	6.4204	6.4204	6.4204	0.00
2018-6-1	6.4204	6.4098	6.4217	6.4095	0.16
2018-5-31	6.4103	6.4174	6.4175	6.3995	-0.14
2018-5-30	6.419	6.4207	6.4345	6.4161	0.02
2018-5-29	6.4176	6.4088	6.423	6.4047	0.29
2018-5-28	6.3993	6.3892	6.4006	6.3887	0.46
2018-5-27	6.3698	6.3884	6.3884	6.3681	-0.34
2018-5-25	6.3918	6.3883	6.3929	6.3849	0.21
2018-5-24	6.3783	6.3896	6.3972	6.3773	-0.16
2018-5-23	6.3885	6.3695	6.3913	6.3695	0.33
2018-5-22	6.3675	6.375	6.3793	6.3657	-0.25
2018-5-21	6.3835	6.3797	6.3947	6.3775	0.05
2018-5-18	6.38	6.373	6.3817	6.3691	0.20
2018-5-17	6.3671	6.3723	6.3723	6.3574	-0.07
2018-5-16	6.3715	6.3766	6.3804	6.3647	-0.10
2018-5-15	6.3777	6.3422	6.3804	6.3422	0.61
2018-5-14	6.3392	6.3338	6.3438	6.3338	0.08
2018-5-11	6.3341	6.3376	6.3491	6.3255	-0.24
2018-5-10	6.3492	6.373	6.3742	6.3448	-0.21
2018-5-9	6.3624	6.3784	6.3861	6.3606	-0.13
2018-5-8	6.3707	6.3647	6.3708	6.3605	0.06
2018-5-7	6.3667	6.3528	6.3693	6.3487	0.06
2018-5-4	6.3627	6.3482	6.3669	6.3449	0.14
2018-5-3	6.3537	6.3633	6.3712	6.3472	-0.14
2018-5-2	6.3624	6.354	6.3659	6.354	0.46
2018-5-1	6.3332	6.3332	6.3332	6.3332	0.00
2018-4-30	6.3332	6.3332	6.3332	6.3332	0.00
2018-4-27	6.3332	6.3368	6.3472	6.3281	-0.05
2018-4-26	6.3365	6.3273	6.3369	6.3213	0.16
2018-4-25	6.3266	6.3064	6.3299	6.3034	0.32
2018-4-24	6.3065	6.3223	6.3227	6.3055	-0.17
2018-4-23	6.3171	6.2965	6.3174	6.2896	0.33
2018-4-20	6.2965	6.2888	6.2984	6.2838	0.28
2018-4-19	6.2791	6.281	6.2831	6.2633	0.07
2018-4-18	6.2744	6.287	6.2919	6.2721	-0.13
2018-4-17	6.2825	6.2736	6.287	6.2735	0.10
2018-4-16	6.2765	6.2763	6.2874	6.2755	0.02
2018-4-13	6.275	6.2896	6.2953	6.275	-0.26
2018-4-12	6.2915	6.2736	6.2942	6.2735	0.36
2018-4-11	6.269	6.2855	6.2911	6.268	-0.23
2018-4-10	6.2832	6.3079	6.3102	6.2828	-0.38
2018-4-9	6.307	6.3031	6.3203	6.2975	0.03
2018-4-6	6.3052	6.3052	6.3052	6.3052	0.00
2018-4-5	6.3052	6.3052	6.3052	6.3052	0.00
2018-4-4	6.3052	6.2898	6.3098	6.2851	0.24
2018-4-3	6.2899	6.2833	6.2915	6.2833	0.15
2018-4-2	6.2805	6.2693	6.2843	6.2693	0.08
2018-3-30	6.2753	6.2855	6.2882	6.266	-0.23
2018-3-29	6.2898	6.2993	6.3063	6.2832	-0.13
2018-3-28	6.2979	6.2706	6.301	6.2705	0.24
2018-3-27	6.2831	6.2596	6.2866	6.246	0.15
2018-3-26	6.2734	6.3139	6.3208	6.2734	-0.67
2018-3-23	6.316	6.3351	6.3382	6.316	-0.30
2018-3-22	6.335	6.3156	6.3361	6.3155	0.19
2018-3-21	6.3232	6.3364	6.3373	6.3232	-0.17
2018-3-20	6.3341	6.3255	6.3343	6.3246	0.03
2018-3-19	6.3322	6.3372	6.3397	6.3302	-0.04
2018-3-16	6.335	6.3352	6.3377	6.3259	0.20
2018-3-15	6.3221	6.308	6.3244	6.3071	0.06
2018-3-14	6.318	6.322	6.3261	6.31	-0.06
2018-3-13	6.3216	6.3223	6.3362	6.3216	-0.13
2018-3-12	6.33	6.3301	6.3352	6.3241	-0.04
2018-3-9	6.3326	6.3502	6.3556	6.3326	-0.15
2018-3-8	6.3422	6.3332	6.3423	6.3262	0.26
2018-3-7	6.3255	6.3269	6.3332	6.3195	0.25
2018-3-6	6.3098	6.335	6.3479	6.3098	-0.63
2018-3-5	6.3495	6.3285	6.3496	6.3281	0.06
2018-3-2	6.3454	6.3446	6.3627	6.3406	-0.20
2018-3-1	6.3582	6.3295	6.3602	6.3295	0.43
2018-2-28	6.3311	6.3345	6.3369	6.3247	0.22
2018-2-27	6.317	6.3002	6.3172	6.2932	0.02
2018-2-26	6.316	6.3266	6.3281	6.3078	-0.34
2018-2-23	6.3373	6.3498	6.3524	6.3354	-0.20
2018-2-22	6.3501	6.3479	6.3655	6.3457	0.03
2018-2-21	6.3482	6.3482	6.3482	6.3482	0.00
2018-2-20	6.3482	6.3482	6.3482	6.3482	0.00
2018-2-19	6.3482	6.3482	6.3482	6.3482	0.00
2018-2-16	6.3482	6.3482	6.3482	6.3482	0.00
2018-2-15	6.3482	6.3482	6.3482	6.3482	0.00
2018-2-14	6.3482	6.3393	6.3574	6.3339	0.11
2018-2-13	6.341	6.3281	6.3505	6.324	0.21
2018-2-12	6.3275	6.2939	6.3328	6.2875	0.49
2018-2-9	6.2969	6.3252	6.3318	6.2932	-0.48
2018-2-8	6.327	6.2899	6.3449	6.2854	0.92
2018-2-7	6.2694	6.2645	6.2703	6.2565	-0.22
2018-2-6	6.2832	6.2977	6.301	6.2688	-0.11
2018-2-5	6.29	6.3064	6.3097	6.2867	-0.18
2018-2-2	6.3014	6.2823	6.3041	6.2707	0.03
2018-2-1	6.2995	6.2956	6.3097	6.2885	0.17
2018-1-31	6.2888	6.3302	6.3353	6.2882	-0.56
2018-1-30	6.3239	6.337	6.3477	6.3197	-0.21
2018-1-29	6.3374	6.3296	6.3398	6.3266	0.27
2018-1-26	6.3201	6.3261	6.3343	6.3118	-0.06
2018-1-25	6.3238	6.3579	6.36	6.3185	-0.73
2018-1-24	6.37	6.397	6.4013	6.3696	-0.54
2018-1-23	6.4047	6.3948	6.4139	6.3948	-0.01
2018-1-22	6.4052	6.4102	6.4157	6.3998	0.02
2018-1-19	6.404	6.4056	6.4112	6.3926	-0.25
2018-1-18	6.4203	6.4374	6.4437	6.4177	-0.22
2018-1-17	6.4343	6.4273	6.4404	6.4199	-0.15
2018-1-16	6.444	6.4391	6.4477	6.4266	0.11
2018-1-15	6.4371	6.4521	6.456	6.4189	-0.37
2018-1-12	6.461	6.4886	6.4905	6.4536	-0.54
2018-1-11	6.4958	6.5133	6.5179	6.4916	-0.19
2018-1-10	6.5081	6.5328	6.5373	6.5031	-0.33
2018-1-9	6.5297	6.5069	6.5329	6.5011	0.46
2018-1-8	6.4997	6.4768	6.5015	6.4768	0.17
2018-1-5	6.4887	6.4813	6.4911	6.4794	-0.07
2018-1-4	6.4934	6.5034	6.5111	6.4927	-0.15
2018-1-3	6.503	6.497	6.5126	6.497	0.15
2018-1-2	6.4934	6.4963	6.5054	6.492	-0.20
2018-1-1	6.5066	6.5066	6.5066	6.5066	0.00
2017-12-29	6.5066	6.5274	6.5304	6.5027	-0.41
2017-12-28	6.5334	6.5542	6.5598	6.5304	-0.36
2017-12-27	6.5568	6.5418	6.5598	6.5418	0.18
2017-12-26	6.5453	6.5399	6.5584	6.5354	0.09
2017-12-25	6.5397	6.5708	6.5732	6.5388	-0.57
2017-12-22	6.5774	6.5819	6.586	6.5694	-0.11
2017-12-21	6.5847	6.5595	6.5885	6.555	0.09
2017-12-20	6.5785	6.604	6.6066	6.5758	-0.40
2017-12-19	6.6047	6.6159	6.6185	6.6022	-0.18
2017-12-18	6.6164	6.6122	6.619	6.612	0.11
2017-12-15	6.6094	6.6071	6.6117	6.6063	0.00
2017-12-14	6.6095	6.6047	6.6117	6.6041	-0.12
2017-12-13	6.6174	6.6198	6.623	6.6163	-0.06
2017-12-12	6.6215	6.6151	6.6235	6.6151	0.04
2017-12-11	6.6186	6.6162	6.6188	6.615	-0.04
2017-12-8	6.6212	6.6184	6.6219	6.6152	0.03
2017-12-7	6.6193	6.617	6.6212	6.6145	0.07
2017-12-6	6.6148	6.6173	6.6208	6.6117	-0.06
2017-12-5	6.6191	6.6163	6.62	6.6126	-0.01
2017-12-4	6.6197	6.6113	6.6212	6.6113	0.03
2017-12-1	6.6174	6.6112	6.6194	6.6082	0.07
2017-11-30	6.6128	6.6143	6.6212	6.606	0.05
2017-11-29	6.6094	6.6053	6.6119	6.5947	0.03
2017-11-28	6.6076	6.6028	6.612	6.5938	0.16
2017-11-27	6.5969	6.6	6.6072	6.596	-0.08
2017-11-24	6.6022	6.5765	6.6085	6.5762	0.28
2017-11-23	6.5835	6.6131	6.6131	6.5761	-0.40
2017-11-22	6.6102	6.6281	6.6343	6.6092	-0.29
2017-11-21	6.6296	6.6331	6.645	6.6277	-0.08
2017-11-20	6.635	6.6295	6.6422	6.6295	0.13
2017-11-17	6.6267	6.6296	6.6373	6.6242	-0.06
2017-11-16	6.6307	6.6235	6.6406	6.6235	0.11
2017-11-15	6.6235	6.6385	6.6388	6.6158	-0.19
2017-11-14	6.6363	6.6397	6.645	6.6343	-0.06
2017-11-13	6.6405	6.65	6.6531	6.6386	-0.01
2017-11-10	6.6414	6.6394	6.6465	6.6361	0.02
2017-11-9	6.6403	6.6274	6.6441	6.6266	0.19
2017-11-8	6.628	6.6411	6.6467	6.6256	-0.18
2017-11-7	6.64	6.6321	6.6421	6.6224	0.09
2017-11-6	6.6338	6.6387	6.6434	6.6303	-0.08
2017-11-3	6.639	6.6098	6.6399	6.6066	0.46
2017-11-2	6.6089	6.6039	6.6132	6.5851	0.09
2017-11-1	6.6029	6.6339	6.6385	6.6011	-0.48
2017-10-31	6.6349	6.6461	6.6461	6.625	-0.17
2017-10-30	6.6465	6.6481	6.6526	6.6445	-0.07
2017-10-27	6.6514	6.6408	6.6632	6.6407	0.13
2017-10-26	6.6426	6.6384	6.6435	6.6319	0.05
2017-10-25	6.639	6.6375	6.6492	6.6351	0.05
2017-10-24	6.6358	6.6403	6.6403	6.627	-0.06
2017-10-23	6.64	6.6205	6.6411	6.6205	0.29
2017-10-20	6.6205	6.6145	6.6271	6.605	0.08
2017-10-19	6.6151	6.6275	6.6391	6.6126	-0.19
2017-10-18	6.6274	6.6244	6.629	6.608	0.06
2017-10-17	6.6235	6.59	6.6248	6.5899	0.51
2017-10-16	6.5899	6.5799	6.5944	6.5742	0.16
2017-10-13	6.5796	6.5866	6.5886	6.5737	-0.13
2017-10-12	6.588	6.5896	6.5997	6.5838	-0.03
2017-10-11	6.5902	6.5724	6.6003	6.5724	0.28
2017-10-10	6.5715	6.6237	6.6237	6.5715	-0.82
2017-10-9	6.6255	6.6553	6.6571	6.6221	-0.42
2017-10-6	6.6534	6.6534	6.6534	6.6534	0.00
2017-10-5	6.6534	6.6534	6.6534	6.6534	0.00
2017-10-4	6.6534	6.6534	6.6534	6.6534	0.00
2017-10-3	6.6534	6.6534	6.6534	6.6534	0.00
2017-10-2	6.6534	6.6534	6.6534	6.6534	0.00
2017-9-29	6.6534	6.6571	6.6821	6.6368	-0.16
2017-9-28	6.664	6.6437	6.678	6.6437	0.32
2017-9-27	6.6425	6.6371	6.6447	6.6321	0.04
2017-9-26	6.6401	6.618	6.6418	6.6144	0.29
2017-9-25	6.6212	6.5919	6.6226	6.5919	0.46
2017-9-22	6.5911	6.5873	6.5996	6.5732	0.02
2017-9-21	6.5899	6.5739	6.6041	6.5739	0.23
2017-9-20	6.5749	6.5849	6.5849	6.5675	-0.14
2017-9-19	6.5838	6.5762	6.6006	6.5758	0.15
2017-9-18	6.5741	6.5477	6.5759	6.5473	0.33
2017-9-15	6.5526	6.5545	6.5552	6.5388	-0.05
2017-9-14	6.556	6.544	6.5601	6.544	0.20
2017-9-13	6.543	6.5364	6.5431	6.5236	0.12
2017-9-12	6.5354	6.5274	6.5498	6.5272	0.09
2017-9-11	6.5297	6.5093	6.5303	6.5016	0.74
2017-9-8	6.4817	6.4873	6.4873	6.439	-0.07
2017-9-7	6.4865	6.5256	6.5321	6.4855	-0.57
2017-9-6	6.524	6.5364	6.5485	6.5194	-0.23
2017-9-5	6.5388	6.5312	6.5579	6.5194	0.12
2017-9-4	6.531	6.5593	6.5604	6.5216	-0.43
2017-9-1	6.5591	6.5927	6.5927	6.5516	-0.47
2017-8-31	6.5899	6.5927	6.6025	6.5876	-0.07
2017-8-30	6.5944	6.597	6.5998	6.5823	-0.04
2017-8-29	6.5968	6.622	6.625	6.5938	-0.29
2017-8-28	6.6159	6.6467	6.6467	6.6159	-0.51
2017-8-25	6.6497	6.6632	6.6707	6.6463	-0.18
2017-8-24	6.662	6.6589	6.6661	6.6541	0.05
2017-8-23	6.6589	6.662	6.6693	6.6585	-0.05
2017-8-22	6.6624	6.6654	6.6654	6.6546	-0.05
2017-8-21	6.6656	6.6726	6.6762	6.6656	-0.09
2017-8-18	6.6713	6.6743	6.6828	6.6677	-0.06
2017-8-17	6.6755	6.6925	6.6925	6.6657	-0.24
2017-8-16	6.6916	6.686	6.6981	6.6825	0.09
2017-8-15	6.6855	6.6705	6.6864	6.669	0.22
2017-8-14	6.6711	6.6618	6.6727	6.657	0.10
2017-8-11	6.6647	6.6495	6.6801	6.6495	0.26
2017-8-10	6.6475	6.6734	6.6734	6.6464	-0.40
2017-8-9	6.6739	6.7068	6.7075	6.6708	-0.49
2017-8-8	6.7065	6.7222	6.7222	6.6966	-0.22
2017-8-7	6.7214	6.7264	6.729	6.7171	-0.11
2017-8-4	6.7289	6.7167	6.7305	6.7149	0.18
2017-8-3	6.7169	6.7219	6.733	6.7169	-0.07
2017-8-2	6.7219	6.7189	6.7297	6.7189	0.06
2017-8-1	6.7181	6.7252	6.7252	6.7157	-0.12
2017-7-31	6.7265	6.7387	6.7387	6.7232	-0.16
2017-7-28	6.7374	6.7422	6.7498	6.7364	-0.08
2017-7-27	6.743	6.755	6.755	6.725	-0.16
2017-7-26	6.7539	6.7504	6.7595	6.7504	0.04
2017-7-25	6.7511	6.7504	6.7568	6.7425	0.00
2017-7-24	6.7511	6.7687	6.7687	6.7507	-0.23
2017-7-21	6.7669	6.7576	6.7705	6.7555	0.11
2017-7-20	6.7595	6.7536	6.7744	6.7536	0.11
2017-7-19	6.7519	6.7458	6.7591	6.7458	0.08
2017-7-18	6.7463	6.7703	6.7703	6.7416	-0.35
2017-7-17	6.77	6.7751	6.7763	6.7654	-0.09
2017-7-14	6.7758	6.7842	6.786	6.7692	-0.11
2017-7-13	6.7835	6.7874	6.7874	6.7766	-0.06
2017-7-12	6.7877	6.8022	6.8022	6.7868	-0.22
2017-7-11	6.8025	6.8041	6.8086	6.7997	-0.02
2017-7-10	6.8036	6.8049	6.8049	6.7998	-0.03
2017-7-7	6.8059	6.8011	6.8059	6.7969	0.06
2017-7-6	6.8015	6.802	6.8074	6.7977	0.00
2017-7-5	6.8015	6.8005	6.8035	6.7936	0.01
2017-7-4	6.8007	6.8007	6.803	6.7971	0.00
2017-7-3	6.8007	6.7781	6.8013	6.7781	0.29
2017-6-30	6.7809	6.7856	6.7856	6.7614	-0.09
2017-6-29	6.787	6.8014	6.8014	6.7749	-0.19
2017-6-28	6.7998	6.8114	6.8114	6.7944	-0.19
2017-6-27	6.8126	6.8408	6.8466	6.8088	-0.42
2017-6-26	6.8411	6.8339	6.8468	6.8339	0.06
2017-6-23	6.8367	6.8346	6.8454	6.8346	0.03
2017-6-22	6.8348	6.83	6.8364	6.8275	0.08
2017-6-21	6.8295	6.8305	6.8363	6.825	0.00
2017-6-20	6.8292	6.8187	6.836	6.8182	0.14
2017-6-19	6.8195	6.8112	6.8199	6.8063	0.13
2017-6-16	6.8104	6.8048	6.8162	6.8046	0.04
2017-6-15	6.8079	6.7896	6.8079	6.7896	0.24
2017-6-14	6.7917	6.7988	6.8006	6.7887	-0.11
2017-6-13	6.799	6.7971	6.7995	6.7965	0.01
2017-6-12	6.7982	6.795	6.7996	6.7948	0.00
2017-6-9	6.798	6.7961	6.8041	6.7955	-0.03
2017-6-8	6.8003	6.7963	6.8013	6.7938	0.07
2017-6-7	6.7957	6.7863	6.7978	6.7862	0.01
2017-6-6	6.7953	6.8037	6.8037	6.7926	-0.13
2017-6-5	6.804	6.7986	6.8059	6.7973	-0.11
2017-6-2	6.8117	6.8052	6.8242	6.8045	0.06
2017-6-1	6.8078	6.8056	6.8119	6.7879	-0.03
2017-5-31	6.8101	6.8528	6.8529	6.8101	-0.66
2017-5-30	6.8556	6.8556	6.8556	6.8556	0.00
2017-5-29	6.8556	6.8556	6.8556	6.8556	0.00
2017-5-26	6.8556	6.8703	6.8703	6.849	-0.19
2017-5-25	6.8689	6.8899	6.8899	6.8653	-0.30
2017-5-24	6.8899	6.8896	6.8959	6.8895	0.00
2017-5-23	6.89	6.8848	6.8941	6.8818	0.05
2017-5-22	6.8864	6.8865	6.8961	6.8835	0.02
2017-5-19	6.885	6.89	6.8974	6.8848	-0.06
2017-5-18	6.8893	6.8849	6.8969	6.8848	0.11
2017-5-17	6.8819	6.8887	6.8963	6.8819	-0.07
2017-5-16	6.8867	6.8926	6.8964	6.8845	-0.09
2017-5-15	6.893	6.9002	6.9032	6.893	-0.09
2017-5-12	6.8994	6.9014	6.907	6.8994	-0.06
2017-5-11	6.9037	6.9034	6.908	6.9016	0.01
2017-5-10	6.9032	6.9071	6.9094	6.897	-0.06
2017-5-9	6.9074	6.9075	6.9095	6.9052	0.04
2017-5-8	6.9045	6.8993	6.9067	6.8991	0.02
2017-5-5	6.9031	6.8938	6.9032	6.8938	0.10
2017-5-4	6.8962	6.8968	6.8988	6.8901	-0.04
2017-5-3	6.8989	6.8966	6.899	6.8907	0.04
2017-5-2	6.896	6.891	6.8985	6.891	0.04
2017-5-1	6.8935	6.8935	6.8935	6.8935	0.00
2017-4-28	6.8935	6.8956	6.9016	6.8903	-0.06
2017-4-27	6.8979	6.8939	6.9009	6.8921	0.08
2017-4-26	6.8926	6.8833	6.8927	6.8828	0.11
2017-4-25	6.8847	6.8863	6.8891	6.8809	0.00
2017-4-24	6.8848	6.8808	6.8882	6.8807	-0.02
2017-4-21	6.8859	6.8814	6.8861	6.8789	0.05
2017-4-20	6.8822	6.8883	6.8933	6.8819	-0.08
2017-4-19	6.888	6.8798	6.8892	6.877	0.09
2017-4-18	6.8819	6.8841	6.8951	6.8806	-0.01
2017-4-17	6.8823	6.8825	6.8916	6.8783	-0.05
2017-4-14	6.8854	6.8884	6.8893	6.8821	-0.07
2017-4-13	6.89	6.8925	6.8925	6.8765	-0.02
2017-4-12	6.8915	6.8918	6.9019	6.8902	-0.01
2017-4-11	6.8923	6.9018	6.9068	6.891	-0.16
2017-4-10	6.9031	6.9093	6.9151	6.9031	0.04
2017-4-7	6.9004	6.8981	6.9062	6.8904	0.04
2017-4-6	6.8978	6.8943	6.9047	6.8943	0.04
2017-4-5	6.8948	6.886	6.899	6.886	0.11
2017-4-4	6.8871	6.8871	6.8871	6.8871	0.00
2017-4-3	6.8871	6.8871	6.8871	6.8871	0.00
2017-3-31	6.8871	6.8909	6.9064	6.8867	-0.03
2017-3-30	6.8894	6.8903	6.8974	6.8894	-0.01
2017-3-29	6.89	6.88	6.896	6.88	0.14
2017-3-28	6.8802	6.871	6.8892	6.8707	0.11
2017-3-27	6.8728	6.883	6.883	6.8677	-0.16
2017-3-24	6.8837	6.8877	6.8998	6.8837	-0.03
2017-3-23	6.8861	6.8879	6.8949	6.8849	0.05
2017-3-22	6.8828	6.8873	6.8959	6.8828	-0.06
2017-3-21	6.887	6.909	6.9114	6.887	-0.31
2017-3-20	6.9085	6.9049	6.9112	6.9035	0.07
2017-3-17	6.9034	6.8984	6.911	6.8984	0.08
2017-3-16	6.898	6.9162	6.9162	6.891	-0.24
2017-3-15	6.9147	6.9106	6.9173	6.9105	0.00
2017-3-14	6.915	6.9136	6.9224	6.9131	0.01
2017-3-13	6.9145	6.907	6.9146	6.906	0.07
2017-3-10	6.9095	6.9147	6.9217	6.908	-0.03
2017-3-9	6.9113	6.9129	6.9226	6.9085	-0.03
2017-3-8	6.9131	6.9009	6.9133	6.9002	0.15
2017-3-7	6.9025	6.8994	6.9071	6.8987	0.07
2017-3-6	6.8974	6.8868	6.9005	6.8868	0.00
2017-3-3	6.8972	6.8918	6.9079	6.8918	0.11
2017-3-2	6.8899	6.8802	6.8911	6.8801	0.12
2017-3-1	6.8819	6.8755	6.8826	6.8749	0.21
2017-2-28	6.8678	6.8723	6.8729	6.8624	-0.04
2017-2-27	6.8708	6.8795	6.8817	6.8689	0.03
2017-2-24	6.869	6.8735	6.8783	6.869	0.04
2017-2-23	6.8661	6.8817	6.884	6.8646	-0.17
2017-2-22	6.8777	6.8794	6.8834	6.8754	-0.09
2017-2-21	6.8841	6.8808	6.8895	6.88	0.08
2017-2-20	6.8785	6.8685	6.8826	6.8675	0.17
2017-2-17	6.8665	6.855	6.8735	6.8549	0.19
2017-2-16	6.8537	6.8625	6.8639	6.8489	-0.25
2017-2-15	6.8711	6.8701	6.8778	6.8633	0.05
2017-2-14	6.8674	6.8776	6.8894	6.8589	-0.20
2017-2-13	6.8815	6.8817	6.892	6.8724	0.04
2017-2-10	6.8785	6.8761	6.8826	6.874	0.14
2017-2-9	6.8689	6.868	6.8737	6.8622	-0.05
2017-2-8	6.8723	6.8822	6.8939	6.8703	-0.17
2017-2-7	6.8843	6.8625	6.8863	6.8612	0.31
2017-2-6	6.863	6.8655	6.8708	6.859	-0.10
2017-2-3	6.8697	6.87	6.8794	6.8691	-0.17
2017-2-2	6.8817	6.8817	6.8817	6.8817	0.00
2017-2-1	6.8817	6.8817	6.8817	6.8817	0.00
2017-1-31	6.8817	6.8817	6.8817	6.8817	0.00
2017-1-30	6.8817	6.8817	6.8817	6.8817	0.00
2017-1-27	6.8817	6.8817	6.8817	6.8817	0.00
2017-1-26	6.8817	6.8738	6.8856	6.8734	-0.03
2017-1-25	6.8836	6.8582	6.8855	6.8582	0.36
2017-1-24	6.859	6.8414	6.8652	6.8414	0.07
2017-1-23	6.8539	6.8596	6.8605	6.836	-0.33
2017-1-20	6.8765	6.8615	6.8821	6.8615	0.08
2017-1-19	6.8712	6.8631	6.8801	6.8539	0.47
2017-1-18	6.839	6.8531	6.8741	6.8319	-0.23
2017-1-17	6.8546	6.9016	6.9059	6.8546	-0.67
2017-1-16	6.9009	6.8982	6.9024	6.8931	0.01
2017-1-13	6.9005	6.901	6.9051	6.8871	0.13
2017-1-12	6.8915	6.9205	6.9246	6.8889	-0.67
2017-1-11	6.9377	6.9267	6.9379	6.9232	0.23
2017-1-10	6.9215	6.9321	6.9343	6.9215	-0.23
2017-1-9	6.9375	6.9315	6.9381	6.9315	0.24
2017-1-6	6.9207	6.8772	6.9404	6.8762	0.45
2017-1-5	6.89	6.93	6.9324	6.8709	-0.65
2017-1-4	6.9351	6.957	6.9594	6.9351	-0.37
2017-1-3	6.961	6.9569	6.9638	6.9558	0.23
2017-1-2	6.945	6.945	6.945	6.945	0.00
2016-12-30	6.945	6.9555	6.9555	6.942	-0.15
2016-12-29	6.9552	6.9503	6.9575	6.9497	-0.06
2016-12-28	6.9593	6.9515	6.962	6.9515	0.10
2016-12-27	6.9525	6.9514	6.9542	6.9464	0.05
2016-12-26	6.9489	6.9439	6.9506	6.9439	0.04
2016-12-23	6.9464	6.9482	6.9532	6.9442	-0.06
2016-12-22	6.9504	6.9452	6.9516	6.9452	0.12
2016-12-21	6.9421	6.9501	6.9548	6.9421	-0.12
2016-12-20	6.9505	6.9505	6.9595	6.9494	-0.05
2016-12-19	6.9539	6.9428	6.9546	6.9428	-0.09
2016-12-16	6.9603	6.952	6.9625	6.9479	0.23
2016-12-15	6.9443	6.9057	6.9444	6.9057	0.57
2016-12-14	6.9051	6.9026	6.9102	6.9009	0.05
2016-12-13	6.9017	6.9078	6.9078	6.9008	-0.08
2016-12-12	6.9069	6.9104	6.9187	6.9069	-0.01
2016-12-9	6.9077	6.902	6.9085	6.9009	0.40
2016-12-8	6.8799	6.8827	6.8832	6.8759	-0.01
2016-12-7	6.8805	6.8815	6.8938	6.879	-0.02
2016-12-6	6.882	6.8791	6.8821	6.8653	0.01
2016-12-5	6.881	6.8863	6.8933	6.88	-0.08
2016-12-2	6.8865	6.8826	6.8903	6.8822	0.00
2016-12-1	6.8865	6.8935	6.8992	6.8865	0.00
2016-11-30	6.8868	6.8864	6.8897	6.8838	-0.14
2016-11-29	6.8968	6.8942	6.9021	6.8935	-0.17
2016-11-28	6.9087	6.9075	6.9091	6.9029	-0.16
2016-11-25	6.9198	6.9222	6.9232	6.9142	0.00
2016-11-24	6.9196	6.923	6.9238	6.917	-0.01
2016-11-23	6.9202	6.8887	6.9203	6.8887	0.44
2016-11-22	6.89	6.8938	6.8938	6.884	-0.04
2016-11-21	6.8928	6.888	6.9	6.8864	0.06
2016-11-18	6.8887	6.8764	6.893	6.8764	0.15
2016-11-17	6.8782	6.8793	6.8793	6.8697	-0.03
2016-11-16	6.8804	6.8604	6.8804	6.8604	0.31
2016-11-15	6.8591	6.8445	6.8675	6.8445	0.18
2016-11-14	6.8468	6.8112	6.8472	6.8112	0.50
2016-11-11	6.8125	6.817	6.8193	6.7989	0.16
2016-11-10	6.8019	6.7939	6.8022	6.7918	0.32
2016-11-9	6.78	6.7851	6.7877	6.7581	-0.11
2016-11-8	6.7874	6.7774	6.7877	6.7774	0.16
2016-11-7	6.7766	6.756	6.7783	6.756	0.30
2016-11-4	6.7565	6.7642	6.7649	6.7564	-0.12
2016-11-3	6.7646	6.7578	6.7664	6.7578	0.11
2016-11-2	6.757	6.7616	6.7677	6.7569	-0.14
2016-11-1	6.7665	6.777	6.7803	6.7651	-0.14
2016-10-31	6.7758	6.7715	6.7758	6.7703	-0.05
2016-10-28	6.779	6.785	6.7899	6.7782	-0.09
2016-10-27	6.7851	6.7752	6.7851	6.7752	0.21
2016-10-26	6.7712	6.7727	6.7746	6.767	-0.15
2016-10-25	6.7812	6.776	6.7841	6.776	0.09
2016-10-24	6.7752	6.7645	6.7764	6.7645	0.13
2016-10-21	6.7667	6.7452	6.7672	6.7452	0.32
2016-10-20	6.7454	6.7385	6.7454	6.7355	0.11
2016-10-19	6.7379	6.7368	6.7414	6.736	-0.04
2016-10-18	6.7409	6.7359	6.7418	6.733	0.05
2016-10-17	6.7375	6.7324	6.7425	6.7321	0.13
2016-10-14	6.7288	6.726	6.7288	6.7217	0.02
2016-10-13	6.7274	6.7277	6.7341	6.7238	0.13
2016-10-12	6.719	6.7161	6.7237	6.714	-0.04
2016-10-11	6.722	6.7091	6.722	6.7078	0.22
2016-10-10	6.7074	6.6704	6.7081	6.6704	0.54
2016-10-7	6.6716	6.6716	6.6716	6.6716	0.00
2016-10-6	6.6716	6.6716	6.6716	6.6716	0.00
2016-10-5	6.6716	6.6716	6.6716	6.6716	0.00
2016-10-4	6.6716	6.6716	6.6716	6.6716	0.00
2016-10-3	6.6716	6.6716	6.6716	6.6716	0.00
2016-9-30	6.6716	6.6681	6.6739	6.6666	0.06
2016-9-29	6.6673	6.6753	6.6753	6.665	-0.12
2016-9-28	6.6752	6.6717	6.6755	6.6673	0.08
2016-9-27	6.6701	6.6693	6.6708	6.6661	0.02
2016-9-26	6.6689	6.6732	6.6732	6.6689	-0.01
2016-9-23	6.6694	6.6661	6.6715	6.6635	0.07
2016-9-22	6.6648	6.6638	6.6732	6.6638	-0.11
2016-9-21	6.6721	6.6742	6.6759	6.672	0.00
2016-9-20	6.672	6.6701	6.6745	6.667	0.05
2016-9-19	6.6685	6.6741	6.6755	6.6639	-0.07
2016-9-16	6.6734	6.6734	6.6734	6.6734	0.00
2016-9-15	6.6734	6.6734	6.6734	6.6734	0.00
2016-9-14	6.6734	6.6822	6.6822	6.6707	-0.09
2016-9-13	6.6794	6.6807	6.6814	6.6761	-0.01
2016-9-12	6.6801	6.6784	6.6823	6.6766	0.03
2016-9-9	6.6781	6.6662	6.6843	6.6662	0.21
2016-9-8	6.6643	6.6623	6.6691	6.6561	0.03
2016-9-7	6.6625	6.6751	6.6751	6.6617	-0.19
2016-9-6	6.6755	6.6799	6.6904	6.6755	-0.02
2016-9-5	6.6766	6.6806	6.6822	6.6752	-0.06
2016-9-2	6.6805	6.6762	6.6832	6.6743	0.13
2016-9-1	6.6715	6.6779	6.6808	6.6715	-0.12
2016-8-31	6.6793	6.6797	6.6823	6.6775	-0.03
2016-8-30	6.6812	6.6791	6.6837	6.6752	0.05
2016-8-29	6.6777	6.6753	6.6808	6.67	0.09
2016-8-26	6.6719	6.662	6.6723	6.6565	0.19
2016-8-25	6.6593	6.6594	6.6638	6.654	0.00
2016-8-24	6.6591	6.6433	6.6598	6.6407	0.27
2016-8-23	6.6409	6.6534	6.6542	6.6406	-0.15
2016-8-22	6.6507	6.666	6.6691	6.6463	-0.04
2016-8-19	6.6532	6.6313	6.6551	6.6313	0.33
2016-8-18	6.6312	6.6343	6.635	6.6201	-0.05
2016-8-17	6.6343	6.6256	6.6365	6.6225	0.14
2016-8-16	6.6253	6.6383	6.641	6.6149	-0.19
2016-8-15	6.638	6.6441	6.6491	6.636	0.04
2016-8-12	6.6353	6.6428	6.649	6.6338	0.11
2016-8-11	6.6277	6.6309	6.6438	6.6277	-0.16
2016-8-10	6.638	6.6564	6.6564	6.6292	-0.27
2016-8-9	6.6557	6.6624	6.6662	6.6549	-0.09
2016-8-8	6.6614	6.6602	6.6661	6.6587	0.08
2016-8-5	6.6564	6.6423	6.6566	6.6404	0.22
2016-8-4	6.6418	6.635	6.6471	6.633	0.11
2016-8-3	6.6342	6.6261	6.6361	6.626	0.11
2016-8-2	6.6272	6.6454	6.6523	6.6266	-0.25
2016-8-1	6.6439	6.6308	6.6441	6.6308	0.10
2016-7-29	6.6373	6.6508	6.6561	6.636	-0.27
2016-7-28	6.6554	6.6696	6.6696	6.6546	-0.22
2016-7-27	6.67	6.671	6.6748	6.6683	-0.03
2016-7-26	6.672	6.6815	6.6824	6.6678	-0.10
2016-7-25	6.6785	6.6823	6.683	6.676	-0.01
2016-7-22	6.6795	6.677	6.6797	6.6703	0.06
2016-7-21	6.6755	6.678	6.6836	6.67	-0.03
2016-7-20	6.6777	6.6949	6.6949	6.6718	-0.28
2016-7-19	6.6963	6.7045	6.7045	6.692	-0.12
2016-7-18	6.7045	6.6932	6.7066	6.6932	0.24
2016-7-15	6.6887	6.6818	6.6887	6.6814	0.08
2016-7-14	6.6836	6.6875	6.6917	6.6836	-0.04
2016-7-13	6.6863	6.6821	6.6955	6.6811	-0.03
2016-7-12	6.6885	6.6905	6.6946	6.6836	-0.08
2016-7-11	6.6939	6.6872	6.6939	6.6862	0.09
2016-7-8	6.6881	6.6851	6.6892	6.6798	0.11
2016-7-7	6.681	6.687	6.6898	6.68	-0.18
2016-7-6	6.693	6.6855	6.6977	6.684	0.20
2016-7-5	6.6796	6.6651	6.6799	6.6651	0.21
2016-7-4	6.6653	6.657	6.6688	6.6533	0.14
2016-7-1	6.6557	6.6469	6.6623	6.6469	0.12
2016-6-30	6.648	6.6372	6.6563	6.6372	0.17
2016-6-29	6.6367	6.6467	6.6557	6.6348	-0.17
2016-6-28	6.6481	6.6511	6.6559	6.6445	-0.05
2016-6-27	6.6516	6.639	6.6544	6.6349	0.45
2016-6-24	6.6218	6.5868	6.6313	6.5868	0.68
2016-6-23	6.5772	6.5762	6.5857	6.5708	0.00
2016-6-22	6.5775	6.5924	6.5954	6.5725	-0.19
2016-6-21	6.5903	6.574	6.591	6.573	0.20
2016-6-20	6.577	6.5829	6.5829	6.5724	-0.17
2016-6-17	6.5884	6.5934	6.596	6.5817	-0.05
2016-6-16	6.592	6.5806	6.593	6.5721	0.15
2016-6-15	6.5818	6.606	6.6076	6.5811	-0.22
2016-6-14	6.5965	6.5823	6.5981	6.5823	0.16
2016-6-13	6.5857	6.5624	6.5926	6.5624	0.36
2016-6-10	6.5619	6.5619	6.5619	6.5619	0.00
2016-6-9	6.5619	6.5619	6.5619	6.5619	-0.01
2016-6-8	6.5625	6.5732	6.5739	6.5612	-0.14
2016-6-7	6.5715	6.5653	6.5739	6.5653	0.12
2016-6-6	6.5637	6.5549	6.5689	6.5549	-0.02
2016-6-3	6.5648	6.5825	6.5883	6.5648	-0.30
2016-6-2	6.5845	6.5772	6.5865	6.5769	0.14
2016-6-1	6.5751	6.584	6.5944	6.5746	-0.12
2016-5-31	6.5829	6.583	6.5889	6.5751	0.00
2016-5-30	6.5832	6.58	6.5847	6.5762	0.30
2016-5-27	6.5633	6.5548	6.5665	6.5544	0.10
2016-5-26	6.557	6.5598	6.5644	6.5525	0.04
2016-5-25	6.5541	6.5594	6.565	6.5541	-0.05
2016-5-24	6.5572	6.5515	6.5592	6.5507	0.02
2016-5-23	6.5557	6.5442	6.5599	6.5424	0.10
2016-5-20	6.549	6.5463	6.549	6.5385	0.03
2016-5-19	6.547	6.5455	6.5507	6.5408	0.13
2016-5-18	6.5388	6.5253	6.5406	6.5253	0.28
2016-5-17	6.5204	6.5222	6.5309	6.519	-0.01
2016-5-16	6.5212	6.5288	6.5332	6.5196	-0.17
2016-5-13	6.532	6.5181	6.5343	6.5181	0.23
2016-5-12	6.5168	6.4973	6.5213	6.4973	0.38
2016-5-11	6.492	6.5188	6.5188	6.492	-0.40
2016-5-10	6.5183	6.5173	6.5266	6.5159	0.02
2016-5-9	6.5169	6.4979	6.5184	6.4979	0.26
2016-5-6	6.5001	6.5069	6.5105	6.4986	-0.05
2016-5-5	6.5034	6.5011	6.5095	6.4983	0.13
2016-5-4	6.4947	6.4916	6.5066	6.4915	0.05
2016-5-3	6.4917	6.4738	6.4917	6.4714	0.27
2016-5-2	6.4741	6.4741	6.4741	6.4741	0.00
2016-4-29	6.4741	6.4737	6.4882	6.4622	-0.03
2016-4-28	6.4759	6.499	6.5047	6.4756	-0.29
2016-4-27	6.495	6.488	6.4972	6.4875	0.02
2016-4-26	6.4935	6.4896	6.4999	6.4896	0.01
2016-4-25	6.493	6.5089	6.5115	6.4928	-0.12
2016-4-22	6.5009	6.4826	6.5009	6.478	0.29
2016-4-21	6.4819	6.481	6.4856	6.4715	0.17
2016-4-20	6.4708	6.4628	6.4733	6.4628	0.20
2016-4-19	6.4581	6.4756	6.4781	6.4581	-0.26
2016-4-18	6.4752	6.4802	6.4855	6.4752	-0.01
2016-4-15	6.4756	6.4826	6.4901	6.4701	-0.11
2016-4-14	6.4826	6.4857	6.4898	6.4778	0.06
2016-4-13	6.4784	6.4631	6.4784	6.4616	0.20
2016-4-12	6.4656	6.4613	6.4726	6.4572	0.09
2016-4-11	6.4595	6.4631	6.4745	6.4565	-0.10
2016-4-8	6.4658	6.4761	6.4827	6.4658	0.04
2016-4-7	6.463	6.4784	6.479	6.463	-0.28
2016-4-6	6.4809	6.4782	6.4901	6.4771	0.06
2016-4-5	6.4772	6.4685	6.4786	6.4663	-0.02
2016-4-4	6.4786	6.4786	6.4786	6.4786	0.00
2016-4-1	6.4786	6.4604	6.4802	6.4604	0.46
2016-3-31	6.449	6.467	6.469	6.448	-0.25
2016-3-30	6.465	6.5068	6.5068	6.465	-0.64
2016-3-29	6.5066	6.5082	6.5117	6.5062	-0.01
2016-3-28	6.5075	6.5195	6.5214	6.5073	-0.13
2016-3-25	6.516	6.5175	6.5231	6.5115	0.02
2016-3-24	6.5146	6.5114	6.5191	6.5083	0.13
2016-3-23	6.5062	6.4908	6.5088	6.4864	0.25
2016-3-22	6.4901	6.4977	6.5	6.4864	0.08
2016-3-21	6.4846	6.4833	6.4897	6.4789	0.20
2016-3-18	6.4716	6.4762	6.4858	6.4629	-0.05
2016-3-17	6.475	6.4966	6.5003	6.4725	-0.72
2016-3-16	6.522	6.5139	6.526	6.5139	0.12
2016-3-15	6.5145	6.5013	6.5185	6.5013	0.22
2016-3-14	6.5	6.4931	6.502	6.4914	0.07
2016-3-11	6.4953	6.5083	6.5083	6.4863	-0.20
2016-3-10	6.5085	6.5145	6.5244	6.5081	-0.07
2016-3-9	6.513	6.5095	6.5176	6.5095	0.13
2016-3-8	6.5047	6.5161	6.5161	6.5008	-0.19
2016-3-7	6.5168	6.5078	6.5203	6.5052	0.14
2016-3-4	6.508	6.53	6.5324	6.505	-0.36
2016-3-3	6.5314	6.5502	6.5502	6.5314	-0.30
2016-3-2	6.551	6.553	6.5543	6.5496	-0.02
2016-3-1	6.5521	6.5459	6.5542	6.541	-0.03
2016-2-29	6.554	6.5477	6.555	6.5467	0.21
2016-2-26	6.5404	6.5298	6.5414	6.5298	0.11
2016-2-25	6.5335	6.5336	6.5355	6.531	0.03
2016-2-24	6.5317	6.5322	6.5397	6.5311	0.07
2016-2-23	6.5271	6.5288	6.5299	6.5253	0.08
2016-2-22	6.5218	6.5186	6.5238	6.5178	-0.01
2016-2-19	6.5224	6.5202	6.5237	6.5172	0.06
2016-2-18	6.5188	6.5242	6.5242	6.516	-0.14
2016-2-17	6.5282	6.5257	6.5293	6.5229	0.17
2016-2-16	6.5169	6.5011	6.5193	6.5006	0.32
2016-2-15	6.4962	6.5304	6.5309	6.4889	-1.18
2016-2-12	6.5739	6.5739	6.5739	6.5739	0.00
2016-2-11	6.5739	6.5739	6.5739	6.5739	0.00
2016-2-10	6.5739	6.5739	6.5739	6.5739	0.00
2016-2-9	6.5739	6.5739	6.5739	6.5739	0.00
2016-2-8	6.5739	6.5739	6.5739	6.5739	0.00
2016-2-5	6.5739	6.5684	6.5754	6.5679	0.14
2016-2-4	6.5648	6.5765	6.5791	6.5643	-0.19
2016-2-3	6.577	6.5793	6.5805	6.5752	-0.04
2016-2-2	6.5798	6.5783	6.58	6.5772	0.02
2016-2-1	6.5784	6.5744	6.5819	6.5744	0.03
2016-1-29	6.5761	6.5745	6.5796	6.5732	0.02
2016-1-28	6.5751	6.5777	6.5789	6.5736	-0.04
2016-1-27	6.5778	6.5804	6.5818	6.5755	-0.07
2016-1-26	6.5825	6.5794	6.5851	6.5787	0.05
2016-1-25	6.5793	6.5784	6.58	6.5774	0.00
2016-1-22	6.5791	6.5784	6.58	6.5772	-0.01
2016-1-21	6.58	6.5787	6.5805	6.5756	0.02
2016-1-20	6.5784	6.5769	6.5803	6.5769	0.00
2016-1-19	6.5785	6.5753	6.5796	6.5753	-0.01
2016-1-18	6.5789	6.584	6.584	6.5754	-0.09
2016-1-15	6.5849	6.5857	6.5884	6.5834	-0.08
2016-1-14	6.5901	6.5776	6.5921	6.5776	0.22
2016-1-13	6.5754	6.5701	6.5806	6.5701	0.04
2016-1-12	6.5725	6.5682	6.5805	6.5682	0.05
2016-1-11	6.5695	6.5952	6.5952	6.5695	-0.41
2016-1-8	6.5965	6.5686	6.5967	6.5672	0.05
2016-1-7	6.5929	6.5823	6.5948	6.5796	0.55
2016-1-6	6.5566	6.5271	6.5615	6.5271	0.64
2016-1-5	6.5148	6.521	6.5247	6.5143	-0.32
2016-1-4	6.5354	6.5084	6.5366	6.5084	0.64
2016-1-1	6.4936	6.4936	6.4936	6.4936	0.00
2015-12-31	6.4936	6.4917	6.495	6.4897	0.04
2015-12-30	6.4912	6.4864	6.4924	6.4864	0.10
2015-12-29	6.4848	6.4867	6.4883	6.4844	-0.06
2015-12-28	6.4886	6.4763	6.489	6.4761	0.19
2015-12-25	6.4764	6.4745	6.4778	6.4692	-0.01
2015-12-24	6.4773	6.4782	6.4801	6.476	-0.01
2015-12-23	6.4778	6.4778	6.4795	6.4756	-0.02
2015-12-22	6.4788	6.4799	6.4799	6.4761	-0.03
2015-12-21	6.4808	6.4808	6.4825	6.4784	-0.01
2015-12-18	6.4815	6.482	6.4849	6.4778	-0.03
2015-12-17	6.4837	6.4737	6.4851	6.4737	0.16
2015-12-16	6.4733	6.4617	6.4733	6.4588	0.19
2015-12-15	6.461	6.4607	6.4702	6.4561	0.03
2015-12-14	6.4589	6.4634	6.4651	6.4548	0.06
2015-12-11	6.4553	6.4397	6.4573	6.4397	0.27
2015-12-10	6.4378	6.4291	6.4415	6.429	0.15
2015-12-9	6.428	6.4196	6.4289	6.4184	0.17
2015-12-8	6.4172	6.411	6.4193	6.411	0.14
2015-12-7	6.4082	6.3995	6.4086	6.3995	0.11
2015-12-4	6.401	6.3893	6.4041	6.3891	0.05
2015-12-3	6.3975	6.399	6.4	6.3948	-0.02
2015-12-2	6.3987	6.396	6.3988	6.3956	0.00
2015-12-1	6.3987	6.3966	6.3989	6.3964	0.01
2015-11-30	6.3982	6.396	6.3983	6.3903	0.05
2015-11-27	6.3949	6.3918	6.3965	6.3906	0.08
2015-11-26	6.3895	6.388	6.3898	6.3872	0.00
2015-11-25	6.3892	6.3892	6.3909	6.3865	-0.01
2015-11-24	6.3898	6.3878	6.391	6.3868	0.01
2015-11-23	6.3893	6.3842	6.3909	6.3842	0.07
2015-11-20	6.385	6.3827	6.3869	6.3786	0.03
2015-11-19	6.383	6.385	6.385	6.3735	-0.03
2015-11-18	6.3849	6.3803	6.3866	6.3791	0.10
2015-11-17	6.3786	6.3702	6.3798	6.3685	0.12
2015-11-16	6.3712	6.377	6.3803	6.3613	-0.04
2015-11-13	6.3737	6.3689	6.3753	6.3684	0.07
2015-11-12	6.3693	6.3689	6.3695	6.3639	0.03
2015-11-11	6.3674	6.3611	6.3674	6.3563	0.09
2015-11-10	6.3618	6.3634	6.3645	6.3545	0.00
2015-11-9	6.3621	6.3638	6.3674	6.3572	0.14
2015-11-6	6.353	6.3487	6.3548	6.3439	0.11
2015-11-5	6.3461	6.3383	6.3467	6.3353	0.16
2015-11-4	6.3359	6.335	6.3415	6.3312	0.00
2015-11-3	6.3361	6.3339	6.3418	6.3323	-0.02
2015-11-2	6.3374	6.3189	6.346	6.3173	0.31
2015-10-30	6.3181	6.3422	6.3496	6.3158	-0.61
2015-10-29	6.3567	6.3603	6.3616	6.3528	-0.04
2015-10-28	6.3592	6.3535	6.3599	6.3531	0.09
2015-10-27	6.3532	6.3506	6.3549	6.3465	0.00
2015-10-26	6.3532	6.3505	6.3593	6.3488	0.06
2015-10-23	6.3491	6.358	6.3613	6.3477	-0.14
2015-10-22	6.358	6.3456	6.358	6.3453	0.14
2015-10-21	6.3493	6.3441	6.3503	6.3407	0.01
2015-10-20	6.3484	6.3604	6.3688	6.3427	-0.18
2015-10-19	6.3601	6.356	6.3665	6.355	0.12
2015-10-16	6.3525	6.346	6.3593	6.3458	0.10
2015-10-15	6.3462	6.3483	6.3484	6.3399	-0.02
2015-10-14	6.3477	6.3435	6.3497	6.3425	0.09
2015-10-13	6.3423	6.3216	6.3423	6.3216	0.31
2015-10-12	6.323	6.337	6.3376	6.3195	-0.35
2015-10-9	6.3453	6.3532	6.3532	6.3432	-0.13
2015-10-8	6.3535	6.356	6.356	6.3476	-0.04
2015-10-7	6.356	6.356	6.356	6.356	0.00
2015-10-6	6.356	6.356	6.356	6.356	0.00
2015-10-5	6.356	6.356	6.356	6.356	0.00
2015-10-2	6.356	6.356	6.356	6.356	0.00
2015-10-1	6.356	6.356	6.356	6.356	-0.02
2015-9-30	6.3571	6.3651	6.3651	6.351	-0.10
2015-9-29	6.3636	6.3702	6.3702	6.3615	-0.08
2015-9-28	6.3688	6.3727	6.3727	6.3652	-0.08
2015-9-25	6.3741	6.3826	6.3826	6.3719	-0.14
2015-9-24	6.3833	6.3813	6.3845	6.3765	-0.01
2015-9-23	6.3837	6.3756	6.3843	6.3751	0.12
2015-9-22	6.376	6.37	6.377	6.369	0.11
2015-9-21	6.3691	6.3655	6.3708	6.3638	0.08
2015-9-18	6.3643	6.3665	6.3665	6.3595	-0.03
2015-9-17	6.366	6.3721	6.3721	6.3645	-0.08
2015-9-16	6.3709	6.3705	6.3745	6.3692	0.01
2015-9-15	6.37	6.3665	6.3722	6.3624	0.03
2015-9-14	6.3679	6.3745	6.376	6.367	-0.11
2015-9-11	6.375	6.3659	6.3775	6.3631	-0.03
2015-9-10	6.3772	6.378	6.3858	6.3682	-0.01
2015-9-9	6.3778	6.361	6.38	6.361	0.17
2015-9-8	6.3672	6.3698	6.3702	6.3615	0.02
2015-9-7	6.3659	6.3574	6.3704	6.356	0.16
2015-9-4	6.3559	6.3559	6.3559	6.3559	0.00
2015-9-3	6.3559	6.3559	6.3559	6.3559	0.00
2015-9-2	6.3559	6.3656	6.3668	6.3555	-0.14
2015-9-1	6.3645	6.3775	6.3775	6.3635	-0.19
2015-8-31	6.3764	6.3892	6.3892	6.3744	-0.19
2015-8-28	6.3885	6.4063	6.4063	6.3845	-0.26
2015-8-27	6.4053	6.411	6.4166	6.4014	-0.09
2015-8-26	6.411	6.413	6.426	6.4053	-0.03
2015-8-25	6.4129	6.4059	6.4211	6.4025	0.13
2015-8-24	6.4044	6.3892	6.4059	6.3875	0.24
2015-8-21	6.3888	6.3862	6.3993	6.3862	0.00
2015-8-20	6.389	6.3935	6.4012	6.3835	-0.11
2015-8-19	6.3958	6.392	6.4002	6.3913	0.03
2015-8-18	6.3938	6.3945	6.416	6.386	-0.01
2015-8-17	6.3947	6.3922	6.3966	6.391	0.05
2015-8-14	6.3918	6.398	6.4024	6.39	-0.11
2015-8-13	6.3988	6.3866	6.4428	6.3832	0.18
2015-8-12	6.387	6.4224	6.4511	6.3788	0.98
2015-8-11	6.3248	6.2516	6.3313	6.2516	1.86
2015-8-10	6.2096	6.2099	6.2099	6.2087	0.00
2015-8-7	6.2097	6.2104	6.2107	6.2095	0.00
2015-8-6	6.2097	6.2092	6.2097	6.2076	0.00
2015-8-5	6.2096	6.2097	6.2107	6.2084	0.00
2015-8-4	6.2096	6.2106	6.2107	6.2091	0.00
2015-8-3	6.2097	6.2104	6.2107	6.2095	0.00
2015-7-31	6.2097	6.2092	6.2097	6.2086	0.00
2015-7-30	6.2096	6.2092	6.2096	6.2085	0.01
2015-7-29	6.209	6.2092	6.2096	6.2076	-0.01
2015-7-28	6.2094	6.2105	6.2105	6.2092	0.00
2015-7-27	6.2095	6.2099	6.2101	6.2079	0.00
2015-7-24	6.2096	6.2094	6.2097	6.2082	0.00
2015-7-23	6.2095	6.2095	6.2101	6.2086	0.00
2015-7-22	6.2094	6.2092	6.2094	6.2075	0.00
2015-7-21	6.2096	6.2092	6.2097	6.2084	0.00
2015-7-20	6.2097	6.2096	6.2101	6.2083	0.00
2015-7-17	6.2095	6.2104	6.2106	6.2091	0.00
2015-7-16	6.2095	6.2083	6.2096	6.2082	0.00
2015-7-15	6.2092	6.2098	6.2102	6.2085	0.00
2015-7-14	6.2089	6.2075	6.209	6.2073	0.01
2015-7-13	6.2084	6.2085	6.2093	6.2068	-0.01
2015-7-10	6.2092	6.2088	6.2094	6.2067	0.01
2015-7-9	6.2088	6.21	6.21	6.2069	0.00
2015-7-8	6.2089	6.2096	6.2113	6.2075	-0.02
2015-7-7	6.21	6.2073	6.2102	6.2073	0.01
2015-7-6	6.2091	6.2043	6.2094	6.2043	0.05
2015-7-3	6.2057	6.2045	6.2071	6.202	0.02
2015-7-2	6.2047	6.2022	6.2066	6.2017	0.05
2015-7-1	6.2014	6.2006	6.2042	6.1999	0.01
2015-6-30	6.201	6.2075	6.2092	6.2008	-0.13
2015-6-29	6.2088	6.2084	6.2114	6.2077	0.00
2015-6-26	6.209	6.2094	6.2107	6.2076	-0.01
2015-6-25	6.2094	6.208	6.2104	6.207	0.04
2015-6-24	6.2071	6.2075	6.21	6.2065	0.00
2015-6-23	6.2068	6.2077	6.2095	6.2052	-0.04
2015-6-22	6.2095	6.2095	6.2095	6.2095	0.00
2015-6-19	6.2095	6.2076	6.2151	6.2065	0.03
2015-6-18	6.2078	6.2058	6.2097	6.2058	-0.03
2015-6-17	6.2096	6.2085	6.2104	6.2061	0.02
2015-6-16	6.2085	6.2077	6.209	6.2062	-0.01
2015-6-15	6.209	6.2079	6.2107	6.2078	0.01
2015-6-12	6.2083	6.2057	6.2084	6.2051	0.03
2015-6-11	6.2066	6.2058	6.2078	6.2043	0.01
2015-6-10	6.2058	6.2043	6.2071	6.2037	0.00
2015-6-9	6.2057	6.2056	6.2071	6.2042	0.00
2015-6-8	6.2056	6.2052	6.2081	6.2019	0.04
2015-6-5	6.2034	6.201	6.21	6.201	0.04
2015-6-4	6.2011	6.1959	6.2037	6.1959	0.05
2015-6-3	6.1978	6.1933	6.1982	6.1928	-0.01
2015-6-2	6.1982	6.1991	6.2003	6.1959	-0.02
2015-6-1	6.1995	6.1984	6.201	6.1942	0.02
2015-5-29	6.1983	6.2003	6.2027	6.1958	-0.05
2015-5-28	6.2012	6.2015	6.2033	6.1963	0.00
2015-5-27	6.2013	6.2037	6.2061	6.2003	-0.04
2015-5-26	6.2039	6.2018	6.207	6.2017	0.03
2015-5-25	6.202	6.1982	6.2032	6.198	0.07
2015-5-22	6.1974	6.1961	6.1995	6.1917	0.01
2015-5-21	6.1968	6.203	6.2047	6.1959	-0.11
2015-5-20	6.2037	6.2056	6.2061	6.2011	-0.05
2015-5-19	6.2066	6.2043	6.2071	6.2018	0.04
2015-5-18	6.2043	6.2021	6.2062	6.202	-0.03
2015-5-15	6.2061	6.2023	6.2076	6.2023	0.07
2015-5-14	6.2016	6.1997	6.2022	6.1986	-0.05
2015-5-13	6.2046	6.2089	6.2089	6.2025	-0.07
2015-5-12	6.2089	6.2093	6.2097	6.2071	-0.01
2015-5-11	6.2096	6.2101	6.211	6.2076	0.00
2015-5-8	6.2094	6.207	6.2107	6.207	0.05
2015-5-7	6.2066	6.1997	6.2073	6.1983	0.10
2015-5-6	6.2004	6.2049	6.205	6.1952	-0.09
2015-5-5	6.206	6.2097	6.2101	6.2025	-0.05
2015-5-4	6.209	6.2065	6.2097	6.2054	0.10
2015-5-1	6.2028	6.2028	6.2028	6.2028	0.00
2015-4-30	6.2028	6.1975	6.2069	6.1958	0.06
2015-4-29	6.1993	6.205	6.2062	6.1979	-0.08
2015-4-28	6.204	6.217	6.2192	6.2018	-0.24
2015-4-27	6.219	6.195	6.2208	6.1945	0.41
2015-4-24	6.1935	6.194	6.1994	6.1925	-0.06
2015-4-23	6.197	6.1935	6.1995	6.1935	0.05
2015-4-22	6.194	6.202	6.202	6.1938	-0.11
2015-4-21	6.201	6.202	6.2035	6.1988	0.00
2015-4-20	6.201	6.198	6.2047	6.1965	0.05
2015-4-17	6.1978	6.1892	6.198	6.1881	0.03
2015-4-16	6.1962	6.1952	6.2005	6.1933	-0.15
2015-4-15	6.2052	6.207	6.2115	6.2031	-0.10
2015-4-14	6.2115	6.2143	6.2153	6.2101	-0.08
2015-4-13	6.2167	6.2093	6.218	6.2082	0.13
2015-4-10	6.2085	6.2085	6.2119	6.2062	0.05
2015-4-9	6.2055	6.2022	6.2062	6.2018	0.05
2015-4-8	6.2025	6.1975	6.2065	6.1975	0.10
2015-4-7	6.196	6.191	6.1981	6.1884	0.04
2015-4-6	6.1935	6.1935	6.1935	6.1935	0.00
2015-4-3	6.1935	6.1935	6.1968	6.1886	-0.06
2015-4-2	6.197	6.1967	6.1984	6.1927	-0.02
2015-4-1	6.1985	6.2003	6.2003	6.1932	-0.02
2015-3-31	6.1995	6.2065	6.2065	6.1946	-0.12
2015-3-30	6.207	6.213	6.215	6.202	-0.13
2015-3-27	6.215	6.213	6.2186	6.2093	0.07
2015-3-26	6.2108	6.2126	6.2165	6.207	-0.02
2015-3-25	6.2121	6.2064	6.217	6.2011	0.11
2015-3-24	6.2051	6.2147	6.2147	6.1986	-0.14
2015-3-23	6.214	6.2052	6.2185	6.1975	0.14
2015-3-20	6.2052	6.1968	6.2233	6.18	0.15
2015-3-19	6.196	6.2293	6.2293	6.1864	-0.54
2015-3-18	6.2294	6.2465	6.2497	6.2282	-0.32
2015-3-17	6.2495	6.26	6.26	6.2485	-0.21
2015-3-16	6.2625	6.2595	6.263	6.2595	0.05
2015-3-13	6.2595	6.2597	6.2604	6.2573	-0.05
2015-3-12	6.2624	6.2638	6.2646	6.2612	0.00
2015-3-11	6.2623	6.263	6.2642	6.2611	0.00
2015-3-10	6.262	6.265	6.2651	6.2605	-0.03
2015-3-9	6.264	6.265	6.2689	6.2633	0.02
2015-3-6	6.2625	6.2645	6.2655	6.2622	-0.06
2015-3-5	6.266	6.2717	6.2723	6.2652	-0.07
2015-3-4	6.2706	6.272	6.2726	6.27	-0.06
2015-3-3	6.2744	6.2753	6.2763	6.273	0.03
2015-3-2	6.2725	6.2733	6.2742	6.2719	0.05
2015-2-27	6.2696	6.2588	6.2698	6.2588	0.17
2015-2-26	6.2589	6.2598	6.2604	6.2578	-0.01
2015-2-25	6.2593	6.2568	6.2602	6.2562	0.07
2015-2-24	6.2551	6.2551	6.2551	6.2551	0.00
2015-2-23	6.2551	6.2551	6.2551	6.2551	0.00
2015-2-20	6.2551	6.2551	6.2551	6.2551	0.00
2015-2-19	6.2551	6.2551	6.2551	6.2551	0.00
2015-2-18	6.2551	6.2551	6.2551	6.2551	0.00
2015-2-17	6.2551	6.2545	6.2554	6.2523	0.11
2015-2-16	6.2485	6.2438	6.2493	6.2424	0.13
2015-2-13	6.2403	6.2454	6.2454	6.2371	-0.07
2015-2-12	6.2445	6.2428	6.2476	6.2428	0.03
2015-2-11	6.2427	6.242	6.2456	6.2407	0.03
2015-2-10	6.241	6.2467	6.2473	6.2401	-0.10
2015-2-9	6.247	6.2446	6.2504	6.2444	0.05
2015-2-6	6.244	6.2526	6.2526	6.2365	-0.13
2015-2-5	6.2521	6.2555	6.2555	6.2501	0.07
2015-2-4	6.2477	6.2458	6.2505	6.2446	-0.16
2015-2-3	6.2578	6.2558	6.2586	6.2525	-0.03
2015-2-2	6.2597	6.2498	6.2604	6.2498	0.16
2015-1-30	6.25	6.247	6.2516	6.2465	0.05
2015-1-29	6.2466	6.2475	6.2517	6.2453	-0.02
2015-1-28	6.248	6.238	6.2486	6.2375	0.07
2015-1-27	6.2435	6.2481	6.2532	6.2421	-0.17
2015-1-26	6.254	6.2449	6.2558	6.2449	0.41
2015-1-23	6.2285	6.218	6.2286	6.2162	0.32
2015-1-22	6.2088	6.2118	6.2118	6.2058	-0.04
2015-1-21	6.2115	6.2163	6.2197	6.2099	-0.04
2015-1-20	6.214	6.2192	6.2192	6.2113	-0.09
2015-1-19	6.2195	6.2209	6.224	6.2135	0.20
2015-1-16	6.207	6.1951	6.213	6.1925	0.32
2015-1-15	6.1875	6.1946	6.1969	6.1875	-0.14
2015-1-14	6.1959	6.1982	6.1982	6.1928	-0.03
2015-1-13	6.1975	6.2029	6.205	6.197	-0.09
2015-1-12	6.2032	6.2092	6.2092	6.1957	-0.09
2015-1-9	6.2088	6.2097	6.2118	6.2045	-0.09
2015-1-8	6.2146	6.2138	6.2203	6.2118	0.03
2015-1-7	6.2129	6.2112	6.2144	6.2063	0.00
2015-1-6	6.213	6.22	6.2204	6.206	-0.12
2015-1-5	6.2206	6.2178	6.224	6.2139	0.23
2015-1-2	6.2061	6.2061	6.2061	6.2061	0.00
2015-1-1	6.2061	6.2061	6.2061	6.2061	0.00
2014-12-31	6.2061	6.2025	6.2075	6.1908	0.07
2014-12-30	6.202	6.222	6.2346	6.195	-0.33
2014-12-29	6.2225	6.2113	6.2289	6.211	0.15
2014-12-26	6.2129	6.199	6.2129	6.199	0.26
2014-12-25	6.197	6.215	6.2165	6.1907	-0.29
2014-12-24	6.2153	6.227	6.2318	6.2147	-0.17
2014-12-23	6.2258	6.2218	6.2279	6.2202	0.07
2014-12-22	6.2216	6.2197	6.2278	6.2151	0.03
2014-12-19	6.2199	6.2151	6.2306	6.2134	0.09
2014-12-18	6.2145	6.1971	6.221	6.1971	0.28
2014-12-17	6.197	6.1902	6.1985	6.1873	0.12
2014-12-16	6.1895	6.191	6.1982	6.1887	-0.02
2014-12-15	6.1905	6.188	6.195	6.183	0.06
2014-12-12	6.1869	6.189	6.1995	6.1808	-0.03
2014-12-11	6.1886	6.171	6.1905	6.1685	0.19
2014-12-10	6.1766	6.1868	6.1977	6.1668	-0.18
2014-12-9	6.1878	6.1742	6.2081	6.1719	0.24
2014-12-8	6.173	6.1495	6.173	6.1474	0.37
2014-12-5	6.1502	6.1507	6.1541	6.1497	-0.07
2014-12-4	6.1546	6.151	6.1556	6.1487	0.07
2014-12-3	6.1502	6.15	6.1528	6.1463	0.01
2014-12-2	6.1495	6.1467	6.1512	6.1462	-0.04
2014-12-1	6.152	6.1434	6.152	6.1434	0.14
2014-11-28	6.1432	6.1382	6.1489	6.1382	0.07
2014-11-27	6.1391	6.1386	6.1393	6.1337	0.00
2014-11-26	6.1391	6.1334	6.1399	6.1319	0.04
2014-11-25	6.1365	6.1421	6.1462	6.1365	-0.08
2014-11-24	6.1417	6.1292	6.1446	6.129	0.27
2014-11-21	6.1249	6.1201	6.1258	6.1194	0.02
2014-11-20	6.1235	6.12	6.1259	6.12	0.07
2014-11-19	6.1195	6.1214	6.122	6.1162	-0.03
2014-11-18	6.1213	6.125	6.125	6.1184	-0.05
2014-11-17	6.1243	6.1292	6.1301	6.123	-0.08
2014-11-14	6.1295	6.1218	6.1315	6.1213	0.08
2014-11-13	6.1248	6.1266	6.128	6.1237	-0.02
2014-11-12	6.1262	6.1223	6.1282	6.1223	0.03
2014-11-11	6.1245	6.12	6.1255	6.1166	0.08
2014-11-10	6.1195	6.118	6.1206	6.1132	-0.05
2014-11-7	6.1227	6.1119	6.1231	6.1119	0.18
2014-11-6	6.112	6.1152	6.1164	6.1109	-0.03
2014-11-5	6.114	6.112	6.1149	6.1105	-0.02
2014-11-4	6.1152	6.1177	6.1189	6.1138	-0.05
2014-11-3	6.1183	6.1171	6.1191	6.1162	0.09
2014-10-31	6.1127	6.1152	6.1152	6.1075	-0.03
2014-10-30	6.1145	6.1158	6.1165	6.113	0.05
2014-10-29	6.1112	6.1135	6.1135	6.1082	-0.03
2014-10-28	6.1133	6.1166	6.1166	6.1115	-0.05
2014-10-27	6.1165	6.1164	6.1172	6.113	-0.01
2014-10-24	6.117	6.1193	6.1223	6.1155	-0.04
2014-10-23	6.1195	6.118	6.121	6.1179	0.02
2014-10-22	6.1182	6.1218	6.1218	6.1165	-0.05
2014-10-21	6.121	6.1229	6.1242	6.119	-0.04
2014-10-20	6.1235	6.1237	6.1251	6.1217	-0.01
2014-10-17	6.124	6.1232	6.127	6.1228	0.01
2014-10-16	6.1233	6.1235	6.1251	6.1215	-0.04
2014-10-15	6.1259	6.1252	6.129	6.1242	0.01
2014-10-14	6.1255	6.125	6.1263	6.1224	0.00
2014-10-13	6.1255	6.1305	6.1315	6.1243	-0.09
2014-10-10	6.1311	6.1298	6.1347	6.1295	0.01
2014-10-9	6.1302	6.1321	6.1344	6.129	-0.14
2014-10-8	6.139	6.139	6.1398	6.1333	0.00
2014-10-7	6.139	6.139	6.139	6.139	0.00
2014-10-6	6.139	6.139	6.139	6.139	0.00
2014-10-3	6.139	6.139	6.139	6.139	0.01
2014-10-2	6.1385	6.1385	6.1385	6.1385	0.00
2014-10-1	6.1385	6.1385	6.1385	6.1385	0.00
2014-9-30	6.1385	6.1496	6.153	6.1385	-0.19
2014-9-29	6.15	6.126	6.1506	6.126	0.37
2014-9-26	6.1271	6.137	6.1372	6.1243	-0.15
2014-9-25	6.136	6.135	6.1401	6.134	-0.01
2014-9-24	6.1366	6.1395	6.1395	6.1348	-0.02
2014-9-23	6.1378	6.141	6.1436	6.1378	-0.04
2014-9-22	6.1405	6.141	6.1417	6.1373	-0.01
2014-9-19	6.141	6.1418	6.1418	6.1368	0.01
2014-9-18	6.1405	6.1401	6.1462	6.1401	0.02
2014-9-17	6.139	6.1464	6.1464	6.1382	-0.12
2014-9-16	6.1461	6.1492	6.1534	6.1455	0.07
2014-9-15	6.142	6.139	6.1443	6.1378	0.12
2014-9-12	6.1347	6.1307	6.1364	6.1307	0.08
2014-9-11	6.13	6.1316	6.1328	6.1288	0.01
2014-9-10	6.1294	6.1337	6.1337	6.1281	-0.11
2014-9-9	6.1364	6.1412	6.1412	6.1311	-0.07
2014-9-8	6.1405	6.1405	6.1405	6.1405	0.00
2014-9-5	6.1405	6.1436	6.1436	6.137	0.03
2014-9-4	6.1386	6.1378	6.1395	6.1333	-0.04
2014-9-3	6.141	6.1467	6.1484	6.1397	-0.12
2014-9-2	6.1482	6.1433	6.1486	6.1421	0.10
2014-9-1	6.142	6.1442	6.1448	6.1382	-0.02
2014-8-29	6.1433	6.1425	6.1474	6.1424	0.01
2014-8-28	6.1428	6.1423	6.1443	6.1406	-0.01
2014-8-27	6.1433	6.1482	6.1496	6.1416	-0.15
2014-8-26	6.1525	6.1539	6.1562	6.1509	-0.03
2014-8-25	6.1544	6.1537	6.1555	6.1489	0.05
2014-8-22	6.1515	6.1585	6.1614	6.1514	0.00
2014-8-21	6.1515	6.1465	6.1552	6.1454	0.19
2014-8-20	6.14	6.1431	6.1474	6.1398	-0.02
2014-8-19	6.1413	6.1432	6.1445	6.136	-0.03
2014-8-18	6.143	6.1475	6.1491	6.142	-0.07
2014-8-15	6.1472	6.1493	6.1508	6.1442	-0.09
2014-8-14	6.1525	6.1543	6.1557	6.1504	-0.02
2014-8-13	6.1536	6.1588	6.1625	6.1534	-0.07
2014-8-12	6.158	6.1533	6.1588	6.153	0.07
2014-8-11	6.1534	6.1568	6.1568	6.152	-0.05
2014-8-8	6.1562	6.1625	6.1625	6.1546	-0.10
2014-8-7	6.1621	6.1625	6.163	6.1556	-0.01
2014-8-6	6.163	6.1719	6.1723	6.1623	-0.12
2014-8-5	6.1707	6.1775	6.1782	6.1703	-0.13
2014-8-4	6.1785	6.1799	6.1827	6.175	-0.02
2014-8-1	6.1798	6.1742	6.1806	6.1726	0.09
2014-7-31	6.174	6.1715	6.1763	6.1699	0.04
2014-7-30	6.1715	6.1803	6.1825	6.171	-0.15
2014-7-29	6.1805	6.1867	6.1867	6.1795	-0.11
2014-7-28	6.1875	6.1916	6.1916	6.1845	-0.07
2014-7-25	6.1917	6.1947	6.1974	6.1898	-0.05
2014-7-24	6.1947	6.1985	6.1985	6.1908	-0.07
2014-7-23	6.1988	6.204	6.204	6.1978	-0.07
2014-7-22	6.203	6.2087	6.2087	6.203	-0.10
2014-7-21	6.2093	6.2084	6.2097	6.2044	0.02
2014-7-18	6.208	6.2045	6.21	6.201	0.07
2014-7-17	6.2038	6.205	6.2053	6.2002	0.00
2014-7-16	6.204	6.2074	6.2114	6.203	-0.06
2014-7-15	6.208	6.2064	6.2119	6.2058	0.03
2014-7-14	6.206	6.2027	6.2081	6.2018	0.04
2014-7-11	6.2035	6.2024	6.2089	6.2014	0.01
2014-7-10	6.2028	6.1995	6.2028	6.1942	0.05
2014-7-9	6.1999	6.2025	6.2025	6.194	-0.03
2014-7-8	6.2015	6.202	6.2068	6.2012	-0.04
2014-7-7	6.2038	6.2035	6.2046	6.1973	0.00
2014-7-4	6.2041	6.2133	6.214	6.2022	-0.13
2014-7-3	6.212	6.2105	6.2163	6.2096	0.02
2014-7-2	6.2106	6.2006	6.2139	6.2006	0.17
2014-7-1	6.2	6.2035	6.2074	6.1968	-0.06
2014-6-30	6.2038	6.2181	6.2181	6.1988	-0.24
2014-6-27	6.2185	6.2253	6.2254	6.2156	-0.09
2014-6-26	6.224	6.2348	6.2348	6.2238	-0.17
2014-6-25	6.2344	6.2309	6.2372	6.2303	0.05
2014-6-24	6.2311	6.2269	6.2318	6.2234	0.09
2014-6-23	6.2255	6.2259	6.2286	6.2225	0.02
2014-6-20	6.2245	6.2292	6.231	6.2227	-0.07
2014-6-19	6.2291	6.2314	6.2345	6.2225	-0.04
2014-6-18	6.2314	6.2268	6.2349	6.2261	0.07
2014-6-17	6.2268	6.2254	6.2363	6.2241	0.00
2014-6-16	6.227	6.2125	6.227	6.2103	0.28
2014-6-13	6.2095	6.2187	6.2187	6.2015	-0.14
2014-6-12	6.2185	6.2285	6.2303	6.2149	-0.15
2014-6-11	6.2281	6.2253	6.2321	6.2252	0.06
2014-6-10	6.2245	6.2405	6.2405	6.2222	-0.25
2014-6-9	6.2403	6.2385	6.2417	6.2371	-0.16
2014-6-6	6.2505	6.2455	6.2527	6.2446	-0.10
2014-6-5	6.2568	6.252	6.2571	6.2506	0.10
2014-6-4	6.2504	6.2518	6.2575	6.2484	-0.07
2014-6-3	6.2546	6.248	6.2551	6.2447	0.11
2014-6-2	6.2479	6.2479	6.2479	6.2479	0.00
2014-5-30	6.2479	6.2398	6.2488	6.2357	0.16
2014-5-29	6.238	6.2557	6.2623	6.238	-0.26
2014-5-28	6.254	6.2582	6.2628	6.2533	0.08
2014-5-27	6.2491	6.24	6.2499	6.24	0.16
2014-5-26	6.2394	6.2365	6.2402	6.2346	0.05
2014-5-23	6.2365	6.2357	6.2393	6.2346	0.02
2014-5-22	6.235	6.234	6.2358	6.2317	0.02
2014-5-21	6.2338	6.2379	6.2394	6.2328	-0.07
2014-5-20	6.2381	6.237	6.2398	6.2351	0.01
2014-5-19	6.2374	6.2335	6.2433	6.2326	0.06
2014-5-16	6.2334	6.2302	6.2361	6.2271	0.04
2014-5-15	6.2307	6.2282	6.2309	6.2248	0.03
2014-5-14	6.2289	6.228	6.2332	6.2231	0.00
2014-5-13	6.2291	6.2363	6.2415	6.2291	-0.14
2014-5-12	6.2376	6.2275	6.2376	6.2275	0.16
2014-5-9	6.2276	6.2282	6.2336	6.2244	-0.01
2014-5-8	6.228	6.235	6.2386	6.2247	-0.10
2014-5-7	6.2344	6.2264	6.2368	6.2182	0.14
2014-5-6	6.2257	6.2445	6.2445	6.225	-0.32
2014-5-5	6.2455	6.2523	6.2551	6.2416	-0.22
2014-5-2	6.2593	6.2593	6.2593	6.2593	0.00
2014-5-1	6.2593	6.2593	6.2593	6.2593	0.00
2014-4-30	6.2593	6.2583	6.2671	6.2532	0.02
2014-4-29	6.258	6.2529	6.258	6.2513	0.08
2014-4-28	6.253	6.2501	6.2541	6.2465	-0.01
2014-4-25	6.2537	6.2517	6.2569	6.25	0.08
2014-4-24	6.2489	6.2386	6.2509	6.2367	0.18
2014-4-23	6.2377	6.2368	6.2467	6.2348	0.00
2014-4-22	6.2376	6.2308	6.2384	6.2277	0.16
2014-4-21	6.2274	6.224	6.2355	6.2223	0.05
2014-4-18	6.2242	6.2195	6.2246	6.2188	0.08
2014-4-17	6.219	6.2218	6.2218	6.2165	-0.04
2014-4-16	6.2214	6.2226	6.2267	6.2207	-0.01
2014-4-15	6.222	6.2193	6.2258	6.2165	0.05
2014-4-14	6.2191	6.2101	6.2194	6.2089	0.13
2014-4-11	6.2113	6.2096	6.2142	6.2068	-0.02
2014-4-10	6.2126	6.2003	6.2126	6.1981	0.20
2014-4-9	6.2005	6.1862	6.2007	6.1853	0.06
2014-4-8	6.1968	6.212	6.212	6.1945	-0.25
2014-4-7	6.2123	6.2123	6.2123	6.2123	0.00
2014-4-4	6.2123	6.2108	6.2181	6.2108	0.03
2014-4-3	6.2107	6.2081	6.2118	6.2035	0.08
2014-4-2	6.2057	6.206	6.2081	6.1967	-0.02
2014-4-1	6.2069	6.2169	6.2169	6.1988	-0.17
2014-3-31	6.2172	6.2131	6.2283	6.2125	0.08
2014-3-28	6.2122	6.2128	6.2158	6.205	-0.01
2014-3-27	6.2128	6.2149	6.2164	6.2052	0.05
2014-3-26	6.2094	6.201	6.2166	6.201	0.12
2014-3-25	6.2017	6.1835	6.2017	6.1777	0.09
2014-3-24	6.1959	6.2155	6.2222	6.1955	-0.47
2014-3-21	6.225	6.227	6.2308	6.2193	-0.04
2014-3-20	6.2275	6.2102	6.2324	6.2102	0.52
2014-3-19	6.1954	6.193	6.2054	6.1913	0.05
2014-3-18	6.1921	6.19	6.1921	6.1791	0.22
2014-3-17	6.1782	6.15	6.1783	6.15	0.46
2014-3-14	6.1502	6.1358	6.152	6.1358	0.23
2014-3-13	6.1362	6.138	6.1406	6.1357	-0.14
2014-3-12	6.145	6.1393	6.147	6.1393	0.08
2014-3-11	6.1402	6.1359	6.1415	6.1316	0.03
2014-3-10	6.1386	6.1494	6.1553	6.1372	0.21
2014-3-7	6.126	6.1002	6.1273	6.0998	0.12
2014-3-6	6.1185	6.1194	6.12	6.11	-0.16
2014-3-5	6.1282	6.1433	6.1452	6.1199	-0.25
2014-3-4	6.1435	6.1466	6.1565	6.1422	-0.05
2014-3-3	6.1463	6.1444	6.1572	6.144	0.02
2014-2-28	6.145	6.1286	6.1721	6.1274	0.27
2014-2-27	6.1284	6.1258	6.1335	6.1216	0.06
2014-2-26	6.1248	6.1321	6.1336	6.1224	0.00
2014-2-25	6.1245	6.122	6.1292	6.1082	0.43
2014-2-24	6.0984	6.0912	6.0984	6.0912	0.11
2014-2-21	6.0915	6.0918	6.093	6.087	0.13
2014-2-20	6.0835	6.0829	6.0846	6.0806	0.12
2014-2-19	6.0764	6.0672	6.0766	6.0664	0.15
2014-2-18	6.0673	6.0644	6.0676	6.0628	0.05
2014-2-17	6.064	6.0664	6.0664	6.0605	-0.05
2014-2-14	6.0669	6.0618	6.0672	6.0604	0.05
2014-2-13	6.0636	6.0663	6.0666	6.0635	0.02
2014-2-12	6.0624	6.06	6.0642	6.06	0.03
2014-2-11	6.0606	6.0599	6.0623	6.0577	0.02
2014-2-10	6.0594	6.0602	6.0613	6.059	-0.07
2014-2-7	6.0634	6.0627	6.0646	6.0606	0.04
2014-2-6	6.061	6.061	6.061	6.061	0.00
2014-2-5	6.061	6.061	6.061	6.061	0.00
2014-2-4	6.061	6.061	6.061	6.061	0.00
2014-2-3	6.061	6.061	6.061	6.061	0.00
2014-1-31	6.061	6.061	6.061	6.061	0.00
2014-1-30	6.061	6.055	6.061	6.0542	0.09
2014-1-29	6.0556	6.0514	6.0562	6.0506	0.08
2014-1-28	6.0509	6.0482	6.0516	6.0482	0.05
2014-1-27	6.048	6.0467	6.0492	6.0457	-0.01
2014-1-24	6.0488	6.0497	6.0502	6.0455	-0.05
2014-1-23	6.0518	6.0533	6.0536	6.0508	0.01
2014-1-22	6.0513	6.0521	6.0526	6.0493	0.01
2014-1-21	6.0505	6.0518	6.0524	6.0487	-0.04
2014-1-20	6.0527	6.0521	6.054	6.0498	0.04
2014-1-17	6.0503	6.0551	6.0551	6.0486	-0.09
2014-1-16	6.0557	6.0512	6.0563	6.0503	0.16
2014-1-15	6.046	6.0408	6.0474	6.0408	0.08
2014-1-14	6.0412	6.0434	6.0438	6.0405	-0.03
2014-1-13	6.0433	6.0456	6.0472	6.0416	-0.15
2014-1-10	6.0521	6.0554	6.0554	6.0505	-0.05
2014-1-9	6.055	6.0522	6.0564	6.0522	0.06
2014-1-8	6.0512	6.0518	6.0522	6.0502	0.00
2014-1-7	6.0512	6.0522	6.0535	6.051	-0.02
2014-1-6	6.0526	6.0522	6.0554	6.0511	0.02
2014-1-3	6.0515	6.0524	6.0532	6.0512	0.01
2014-1-2	6.0507	6.0513	6.0526	6.0499	-0.05
2014-1-1	6.054	6.054	6.054	6.054	0.00
