rate_date	close	open	high	low	change_percent
2018-8-20	6.8532	6.8372	6.8626	6.8325	0.23
2018-8-19	6.8372	6.8354	6.847	6.8354	0.04
2018-8-17	6.8346	6.8625	6.8834	6.8269	-0.38
2018-8-16	6.8608	6.9476	6.951	6.8552	-1.23
2018-8-15	6.9459	6.8994	6.9589	6.8929	0.67
2018-8-14	6.8998	6.8955	6.9075	6.8806	0.04
2018-8-13	6.8973	6.8696	6.9123	6.8686	0.37
2018-8-12	6.8721	6.8707	6.8746	6.8678	0.05
2018-8-10	6.8684	6.8472	6.8764	6.8326	0.33
2018-8-9	6.8461	6.8243	6.8476	6.8134	0.30
2018-8-8	6.8254	6.8206	6.8495	6.8072	0.07
2018-8-7	6.8207	6.8664	6.877	6.8176	-0.65
2018-8-6	6.8655	6.8479	6.8766	6.8247	0.36
2018-8-5	6.8411	6.8496	6.8544	6.8385	-0.09
2018-8-3	6.8476	6.8811	6.9126	6.8257	-0.49
2018-8-2	6.8816	6.8255	6.8838	6.8163	0.84
2018-8-1	6.8242	6.8044	6.8476	6.8012	0.28
2018-7-31	6.8053	6.827	6.851	6.7759	-0.31
2018-7-30	6.8266	6.8262	6.8501	6.8153	0.01
2018-7-29	6.8257	6.8219	6.8303	6.8219	0.02
2018-7-27	6.8243	6.8262	6.8582	6.8036	-0.04
2018-7-26	6.8267	6.7565	6.8271	6.7384	1.04
2018-7-25	6.7565	6.8139	6.8242	6.7557	-0.80
2018-7-24	6.8108	6.8033	6.8452	6.791	0.07
2018-7-23	6.806	6.7834	6.8265	6.7588	0.56
2018-7-22	6.7679	6.7811	6.7816	6.7633	-0.15
2018-7-20	6.7783	6.792	6.837	6.7762	-0.18
2018-7-19	6.7907	6.7457	6.8095	6.7382	0.66
2018-7-18	6.7459	6.7231	6.7598	6.7135	0.36
2018-7-17	6.722	6.7032	6.7293	6.6876	0.29
2018-7-16	6.7025	6.7119	6.7253	6.6836	-0.06
2018-7-15	6.7066	6.7081	6.7114	6.7052	-0.08
2018-7-13	6.7119	6.6944	6.727	6.6692	0.29
2018-7-12	6.6928	6.7232	6.7299	6.6717	-0.46
2018-7-11	6.7235	6.646	6.7252	6.6438	1.09
2018-7-10	6.6508	6.6222	6.6508	6.6005	0.43
2018-7-9	6.6224	6.6622	6.6673	6.6145	-0.53
2018-7-8	6.6576	6.6629	6.6667	6.6557	-0.09
2018-7-6	6.6639	6.6585	6.6889	6.6509	0.08
2018-7-5	6.6585	6.6433	6.6641	6.635	0.23
2018-7-4	6.643	6.6681	6.6749	6.6149	-0.34
2018-7-3	6.6654	6.689	6.7336	6.6448	-0.30
2018-7-2	6.6853	6.6357	6.6977	6.628	0.85
2018-7-1	6.6288	6.6323	6.6361	6.627	-0.10
2018-6-29	6.6353	6.6363	6.6535	6.6171	0.01
2018-6-28	6.6349	6.6187	6.6419	6.6109	0.26
2018-6-27	6.6177	6.5808	6.6242	6.5765	0.54
2018-6-26	6.5822	6.5415	6.5963	6.5381	0.62
2018-6-25	6.5415	6.5094	6.5578	6.5087	0.26
2018-6-24	6.5248	6.5115	6.5256	6.5115	0.23
2018-6-22	6.51	6.4997	6.5175	6.4924	0.15
2018-6-21	6.5001	6.4815	6.5177	6.4746	0.29
2018-6-20	6.4812	6.4768	6.4874	6.466	0.06
2018-6-19	6.4771	6.4543	6.4954	6.4463	0.34
2018-6-18	6.4551	6.4369	6.4613	6.4359	0.20
2018-6-17	6.4419	6.4366	6.4432	6.4363	0.08
2018-6-15	6.4366	6.4181	6.4415	6.4137	0.31
2018-6-14	6.417	6.3883	6.4192	6.3829	0.45
2018-6-13	6.388	6.4048	6.4091	6.3859	-0.27
2018-6-12	6.4055	6.3987	6.409	6.3942	0.11
2018-6-11	6.3984	6.3982	6.4039	6.3931	-0.01
2018-6-10	6.399	6.4023	6.404	6.3989	0.00
2018-6-8	6.3991	6.3897	6.4096	6.3866	0.15
2018-6-7	6.3898	6.3775	6.393	6.3769	0.18
2018-6-6	6.3784	6.3971	6.3993	6.3766	-0.26
2018-6-5	6.3952	6.405	6.4111	6.391	-0.16
2018-6-4	6.4052	6.4127	6.4201	6.396	-0.16
2018-6-3	6.4155	6.4156	6.4168	6.4117	0.07
2018-6-1	6.4113	6.4076	6.4173	6.4021	0.03
2018-5-31	6.4091	6.4019	6.4176	6.3947	0.13
2018-5-30	6.401	6.4239	6.4334	6.4001	-0.36
2018-5-29	6.4241	6.3965	6.4307	6.3954	0.42
2018-5-28	6.3971	6.3885	6.3993	6.3806	0.18
2018-5-27	6.3856	6.3876	6.3882	6.3845	-0.05
2018-5-25	6.389	6.3749	6.3911	6.3731	0.21
2018-5-24	6.3757	6.3769	6.3914	6.3722	-0.03
2018-5-23	6.3774	6.3536	6.3879	6.3483	0.38
2018-5-22	6.3532	6.3579	6.3655	6.3468	-0.06
2018-5-21	6.3572	6.3609	6.3884	6.3564	-0.08
2018-5-18	6.3624	6.3585	6.3739	6.3562	0.07
2018-5-17	6.3577	6.3501	6.3604	6.3434	0.11
2018-5-16	6.3506	6.3669	6.3761	6.3457	-0.24
2018-5-15	6.366	6.3374	6.372	6.3368	0.46
2018-5-14	6.337	6.3342	6.3383	6.3238	0.03
2018-5-11	6.3352	6.3282	6.3423	6.3192	0.10
2018-5-10	6.329	6.3644	6.3724	6.3251	-0.56
2018-5-9	6.3647	6.3647	6.3841	6.3576	-0.02
2018-5-8	6.3662	6.3609	6.3728	6.3559	0.10
2018-5-7	6.3599	6.3551	6.3729	6.3458	0.08
2018-5-4	6.3548	6.3442	6.3704	6.3417	0.17
2018-5-3	6.3443	6.3744	6.3795	6.341	-0.48
2018-5-2	6.3747	6.3379	6.3772	6.336	0.59
2018-5-1	6.3373	6.3148	6.3402	6.3091	0.34
2018-4-30	6.3158	6.3193	6.3289	6.3074	-0.07
2018-4-27	6.32	6.329	6.3432	6.3191	-0.12
2018-4-26	6.3276	6.3222	6.3322	6.3084	0.09
2018-4-25	6.3221	6.2955	6.3297	6.2942	0.42
2018-4-24	6.2954	6.3064	6.3213	6.2916	-0.22
2018-4-23	6.3095	6.2801	6.3121	6.2801	0.48
2018-4-20	6.2791	6.2768	6.2941	6.2744	0.03
2018-4-19	6.2774	6.271	6.2816	6.2557	0.10
2018-4-18	6.2709	6.2808	6.2883	6.2663	-0.17
2018-4-17	6.2817	6.2662	6.2845	6.2659	0.24
2018-4-16	6.2665	6.2728	6.285	6.2634	-0.11
2018-4-13	6.2732	6.2787	6.2934	6.2675	-0.07
2018-4-12	6.2778	6.2734	6.2891	6.2648	0.07
2018-4-11	6.2736	6.2762	6.2895	6.2614	-0.05
2018-4-10	6.277	6.3034	6.3085	6.2756	-0.43
2018-4-9	6.3039	6.3122	6.3258	6.2914	-0.15
2018-4-6	6.3133	6.2934	6.3231	6.2852	0.37
2018-4-5	6.2901	6.2863	6.3054	6.2771	0.06
2018-4-4	6.2862	6.2732	6.3134	6.2725	0.22
2018-4-3	6.2721	6.2684	6.2827	6.2676	0.04
2018-4-2	6.2693	6.2648	6.2791	6.2548	0.11
2018-3-30	6.2626	6.2732	6.2828	6.2626	-0.15
2018-3-29	6.2722	6.2851	6.2975	6.2677	-0.21
2018-3-28	6.2852	6.266	6.289	6.2557	0.32
2018-3-27	6.2652	6.2533	6.2771	6.2354	0.18
2018-3-26	6.2542	6.3101	6.3163	6.2528	-0.93
2018-3-23	6.3126	6.3422	6.3434	6.3097	-0.42
2018-3-22	6.3395	6.3046	6.3414	6.303	0.56
2018-3-21	6.3043	6.3332	6.3349	6.3027	-0.46
2018-3-20	6.3336	6.3195	6.3354	6.3173	0.23
2018-3-19	6.3193	6.3269	6.3388	6.3174	-0.10
2018-3-16	6.3254	6.3288	6.3345	6.3175	-0.07
2018-3-15	6.3296	6.3069	6.3303	6.2995	0.36
2018-3-14	6.3069	6.3254	6.329	6.3	-0.31
2018-3-13	6.3266	6.3243	6.3338	6.3132	0.03
2018-3-12	6.3246	6.3261	6.3318	6.3188	-0.03
2018-3-9	6.3266	6.3434	6.3537	6.3205	-0.26
2018-3-8	6.3433	6.319	6.3454	6.317	0.37
2018-3-7	6.3199	6.3091	6.3301	6.3076	0.15
2018-3-6	6.3104	6.3355	6.3465	6.307	-0.39
2018-3-5	6.3349	6.328	6.3438	6.3222	0.09
2018-3-2	6.3289	6.349	6.3674	6.3239	-0.30
2018-3-1	6.3479	6.3308	6.3692	6.3299	0.26
2018-2-28	6.3312	6.3257	6.3343	6.3197	0.08
2018-2-27	6.3262	6.2954	6.3286	6.2877	0.49
2018-2-26	6.2951	6.3273	6.3322	6.2941	-0.51
2018-2-23	6.3275	6.3348	6.3442	6.3242	-0.11
2018-2-22	6.3343	6.3385	6.3556	6.328	-0.06
2018-2-21	6.338	6.3422	6.3477	6.3136	-0.04
2018-2-20	6.3406	6.3041	6.3418	6.3026	0.56
2018-2-19	6.3055	6.2981	6.3103	6.2901	0.12
2018-2-16	6.2982	6.2818	6.3022	6.2693	0.26
2018-2-15	6.2818	6.3119	6.3139	6.2799	-0.49
2018-2-14	6.3125	6.3332	6.3514	6.3071	-0.34
2018-2-13	6.3342	6.3247	6.3499	6.32	0.16
2018-2-12	6.3238	6.3145	6.3452	6.297	0.15
2018-2-9	6.3145	6.3624	6.3729	6.3013	-0.78
2018-2-8	6.3639	6.3209	6.3792	6.2966	0.70
2018-2-7	6.3199	6.2813	6.3258	6.2558	0.61
2018-2-6	6.2814	6.3115	6.3199	6.2754	-0.48
2018-2-5	6.312	6.3126	6.3186	6.2828	-0.01
2018-2-2	6.3129	6.2912	6.3156	6.277	0.35
2018-2-1	6.291	6.2982	6.3129	6.2868	-0.13
2018-1-31	6.2992	6.3286	6.3373	6.2844	-0.48
2018-1-30	6.3298	6.3374	6.3516	6.3197	-0.13
2018-1-29	6.338	6.3205	6.349	6.3136	0.19
2018-1-26	6.3258	6.3288	6.3427	6.3114	-0.06
2018-1-25	6.3295	6.3496	6.3601	6.2965	-0.31
2018-1-24	6.3489	6.3975	6.4	6.3455	-0.78
2018-1-23	6.3986	6.4018	6.4138	6.3897	-0.10
2018-1-22	6.4047	6.4023	6.4162	6.3957	0.07
2018-1-19	6.4002	6.4199	6.4214	6.3875	-0.33
2018-1-18	6.4213	6.4314	6.4435	6.4164	-0.17
2018-1-17	6.4322	6.4381	6.4444	6.415	-0.08
2018-1-16	6.4371	6.4295	6.4478	6.4237	0.10
2018-1-15	6.4305	6.4592	6.4608	6.415	-0.46
2018-1-12	6.4601	6.4897	6.4969	6.4597	-0.49
2018-1-11	6.4921	6.5241	6.5291	6.4893	-0.47
2018-1-10	6.5228	6.532	6.5453	6.5084	-0.19
2018-1-9	6.535	6.4966	6.5396	6.4962	0.59
2018-1-8	6.4965	6.4776	6.5019	6.4658	0.25
2018-1-5	6.4805	6.4905	6.4919	6.4726	-0.18
2018-1-4	6.4919	6.4949	6.5105	6.4818	-0.09
2018-1-3	6.4977	6.5022	6.511	6.4906	-0.07
2018-1-2	6.5022	6.5148	6.5191	6.4886	-0.18
2018-1-1	6.514	6.514	6.5148	6.514	0.00
2017-12-29	6.514	6.5321	6.5355	6.5098	-0.26
2017-12-28	6.5309	6.5536	6.5578	6.5248	-0.35
2017-12-27	6.5538	6.5411	6.5639	6.5405	0.19
2017-12-26	6.5412	6.5524	6.5564	6.5342	-0.22
2017-12-25	6.5557	6.5664	6.5715	6.5438	-0.14
2017-12-22	6.5652	6.5653	6.577	6.5614	-0.02
2017-12-21	6.5664	6.5649	6.5836	6.5473	0.02
2017-12-20	6.5648	6.6045	6.6073	6.5623	-0.62
2017-12-19	6.6059	6.6091	6.6177	6.6022	-0.05
2017-12-18	6.609	6.6062	6.619	6.6047	0.03
2017-12-15	6.6067	6.6051	6.6136	6.6007	-0.01
2017-12-14	6.6071	6.6131	6.6166	6.6041	-0.09
2017-12-13	6.6131	6.6272	6.6319	6.6115	-0.22
2017-12-12	6.6277	6.6222	6.6335	6.619	0.09
2017-12-11	6.6215	6.6245	6.6274	6.6175	-0.03
2017-12-8	6.6232	6.6248	6.6299	6.6172	-0.01
2017-12-7	6.6239	6.6175	6.625	6.6159	0.09
2017-12-6	6.618	6.6185	6.6254	6.6136	0.01
2017-12-5	6.6176	6.6163	6.6276	6.6113	0.01
2017-12-4	6.6171	6.5983	6.6258	6.5983	0.34
2017-12-1	6.5949	6.6117	6.618	6.5933	-0.25
2017-11-30	6.6114	6.611	6.6283	6.6092	-0.01
2017-11-29	6.6122	6.6087	6.6236	6.5977	0.06
2017-11-28	6.6081	6.5983	6.611	6.5943	0.16
2017-11-27	6.5975	6.5877	6.6032	6.5869	0.14
2017-11-24	6.5883	6.5777	6.6052	6.5681	0.14
2017-11-23	6.5791	6.5966	6.6022	6.5782	-0.26
2017-11-22	6.5961	6.6276	6.6357	6.596	-0.46
2017-11-21	6.6269	6.6453	6.6516	6.6252	-0.28
2017-11-20	6.6452	6.6361	6.6529	6.6341	0.13
2017-11-17	6.6368	6.6333	6.6483	6.6232	0.06
2017-11-16	6.633	6.6322	6.6414	6.6296	0.01
2017-11-15	6.6324	6.6363	6.6412	6.6195	-0.07
2017-11-14	6.6368	6.6581	6.6585	6.6367	-0.31
2017-11-13	6.6574	6.6614	6.6641	6.6489	-0.05
2017-11-10	6.6607	6.6475	6.6631	6.6391	0.19
2017-11-9	6.6484	6.6314	6.6562	6.6266	0.25
2017-11-8	6.632	6.6408	6.648	6.6285	-0.15
2017-11-7	6.6418	6.6268	6.646	6.6192	0.26
2017-11-6	6.6249	6.6369	6.6458	6.6228	-0.16
2017-11-3	6.6354	6.6063	6.6391	6.6052	0.43
2017-11-2	6.607	6.609	6.6173	6.5861	-0.03
2017-11-1	6.609	6.6331	6.6419	6.6056	-0.34
2017-10-31	6.6315	6.6361	6.6409	6.622	-0.07
2017-10-30	6.6364	6.6482	6.6527	6.6361	-0.17
2017-10-27	6.6476	6.6543	6.6662	6.6451	-0.09
2017-10-26	6.6536	6.6372	6.6573	6.6269	0.24
2017-10-25	6.6376	6.6418	6.6524	6.6359	-0.08
2017-10-24	6.6426	6.6364	6.6437	6.6265	0.10
2017-10-23	6.6359	6.6234	6.6442	6.6219	0.19
2017-10-20	6.6235	6.6058	6.6281	6.6041	0.26
2017-10-19	6.606	6.6205	6.6405	6.6041	-0.22
2017-10-18	6.6208	6.6064	6.6326	6.5969	0.22
2017-10-17	6.6063	6.5821	6.6197	6.5813	0.36
2017-10-16	6.5829	6.5673	6.5867	6.5645	0.23
2017-10-13	6.5678	6.5785	6.5884	6.5609	-0.16
2017-10-12	6.5784	6.5736	6.5896	6.5678	0.07
2017-10-11	6.5739	6.5656	6.5927	6.5572	0.11
2017-10-10	6.5667	6.6147	6.6165	6.564	-0.74
2017-10-9	6.6154	6.6505	6.6567	6.6089	-0.54
2017-10-6	6.6514	6.6552	6.6654	6.646	-0.04
2017-10-5	6.6543	6.649	6.6592	6.6372	0.09
2017-10-4	6.6486	6.6669	6.6691	6.638	-0.29
2017-10-3	6.6677	6.6734	6.6914	6.6589	-0.09
2017-10-2	6.6734	6.648	6.6803	6.6453	0.40
2017-9-29	6.647	6.654	6.6758	6.6376	-0.11
2017-9-28	6.6543	6.6391	6.6792	6.6353	0.22
2017-9-27	6.6398	6.6278	6.6505	6.6235	0.18
2017-9-26	6.6281	6.6105	6.6449	6.6055	0.24
2017-9-25	6.612	6.5797	6.6192	6.5793	0.46
2017-9-22	6.5814	6.5681	6.587	6.5641	0.20
2017-9-21	6.5682	6.586	6.6047	6.5579	-0.29
2017-9-20	6.587	6.585	6.5973	6.565	0.04
2017-9-19	6.5843	6.5732	6.5965	6.5691	0.17
2017-9-18	6.5733	6.5477	6.5791	6.5456	0.40
2017-9-15	6.547	6.5422	6.5523	6.5411	0.06
2017-9-14	6.5428	6.5472	6.5713	6.5421	-0.07
2017-9-13	6.5475	6.5367	6.5492	6.5225	0.19
2017-9-12	6.5351	6.538	6.5518	6.5315	-0.06
2017-9-11	6.5393	6.5084	6.5407	6.5061	0.56
2017-9-8	6.503	6.4874	6.5206	6.4441	0.27
2017-9-7	6.4852	6.5408	6.5431	6.484	-0.87
2017-9-6	6.5419	6.5401	6.5523	6.5327	0.04
2017-9-5	6.5396	6.5285	6.5606	6.5282	0.16
2017-9-4	6.5291	6.5654	6.5678	6.5257	-0.49
2017-9-1	6.5615	6.5942	6.597	6.5452	-0.52
2017-8-31	6.5956	6.5991	6.6097	6.5923	-0.05
2017-8-30	6.5991	6.6077	6.6138	6.5834	-0.13
2017-8-29	6.608	6.6182	6.6286	6.5973	-0.15
2017-8-28	6.6182	6.6437	6.6443	6.6167	-0.37
2017-8-25	6.6431	6.661	6.6654	6.6421	-0.27
2017-8-24	6.6608	6.6612	6.6654	6.6547	-0.03
2017-8-23	6.6627	6.6679	6.673	6.6613	-0.08
2017-8-22	6.6682	6.6716	6.6753	6.6596	-0.04
2017-8-21	6.6711	6.6815	6.6851	6.6684	-0.16
2017-8-18	6.6819	6.6861	6.69	6.6778	-0.07
2017-8-17	6.6863	6.6881	6.6897	6.6759	-0.04
2017-8-16	6.6887	6.696	6.7076	6.6875	-0.11
2017-8-15	6.6962	6.6894	6.7042	6.6847	0.10
2017-8-14	6.6898	6.6749	6.6916	6.6696	0.25
2017-8-11	6.6733	6.6677	6.6967	6.6589	0.09
2017-8-10	6.6671	6.6918	6.6945	6.6662	-0.37
2017-8-9	6.6921	6.7118	6.7192	6.691	-0.29
2017-8-8	6.7116	6.7315	6.7322	6.702	-0.28
2017-8-7	6.7306	6.7341	6.7373	6.7255	-0.06
2017-8-4	6.7348	6.728	6.7368	6.7187	0.08
2017-8-3	6.7295	6.7296	6.738	6.7261	-0.01
2017-8-2	6.7301	6.7291	6.7351	6.7227	0.01
2017-8-1	6.7296	6.7269	6.7325	6.7163	0.04
2017-7-31	6.7271	6.735	6.7382	6.7245	-0.16
2017-7-28	6.7379	6.7461	6.7508	6.7351	-0.11
2017-7-27	6.7453	6.7424	6.7473	6.7246	0.03
2017-7-26	6.7432	6.7598	6.7611	6.7413	-0.23
2017-7-25	6.7587	6.7484	6.7602	6.7442	0.13
2017-7-24	6.7496	6.7587	6.7633	6.7441	-0.14
2017-7-21	6.7591	6.7572	6.7671	6.7553	0.04
2017-7-20	6.7561	6.7598	6.773	6.7533	-0.05
2017-7-19	6.7593	6.7474	6.7599	6.7418	0.17
2017-7-18	6.748	6.7636	6.7684	6.7423	-0.24
2017-7-17	6.764	6.7663	6.7734	6.7597	-0.01
2017-7-14	6.765	6.7822	6.7868	6.7638	-0.25
2017-7-13	6.7818	6.786	6.7891	6.7734	-0.07
2017-7-12	6.7865	6.8006	6.8019	6.7837	-0.21
2017-7-11	6.8008	6.806	6.8123	6.7973	-0.08
2017-7-10	6.806	6.8032	6.81	6.7968	0.05
2017-7-7	6.8029	6.7992	6.805	6.7949	0.04
2017-7-6	6.8	6.7991	6.8066	6.7937	0.00
2017-7-5	6.8001	6.8057	6.8089	6.7905	-0.09
2017-7-4	6.8065	6.7958	6.8094	6.7943	0.14
2017-7-3	6.7973	6.7812	6.8011	6.7747	0.24
2017-6-30	6.7807	6.7952	6.7982	6.7603	-0.18
2017-6-29	6.7929	6.8041	6.8062	6.7801	-0.16
2017-6-28	6.8037	6.8136	6.8167	6.7961	-0.16
2017-6-27	6.8143	6.8543	6.8593	6.8081	-0.63
2017-6-26	6.8575	6.8398	6.8598	6.8345	0.28
2017-6-23	6.8383	6.8361	6.845	6.8346	0.02
2017-6-22	6.8372	6.8311	6.8378	6.826	0.09
2017-6-21	6.8311	6.8237	6.8342	6.8186	0.11
2017-6-20	6.8238	6.8278	6.8384	6.8216	-0.06
2017-6-19	6.8277	6.8114	6.8313	6.8067	0.23
2017-6-16	6.812	6.807	6.8345	6.8011	0.07
2017-6-15	6.8071	6.7863	6.8134	6.7801	0.31
2017-6-14	6.786	6.786	6.7933	6.7727	-0.04
2017-6-13	6.7888	6.795	6.7993	6.7869	-0.10
2017-6-12	6.7959	6.7861	6.7993	6.7846	0.14
2017-6-9	6.7862	6.7843	6.7968	6.7823	0.05
2017-6-8	6.7826	6.7745	6.786	6.7654	0.12
2017-6-7	6.7742	6.755	6.7818	6.7541	0.28
2017-6-6	6.7555	6.781	6.7851	6.7543	-0.39
2017-6-5	6.7818	6.7749	6.7886	6.7744	0.11
2017-6-2	6.7744	6.7504	6.7954	6.7492	0.36
2017-6-1	6.7503	6.7458	6.7743	6.7237	0.05
2017-5-31	6.7467	6.8238	6.8381	6.7427	-1.14
2017-5-30	6.8246	6.8187	6.8341	6.8183	0.04
2017-5-29	6.8217	6.819	6.8281	6.8026	0.01
2017-5-26	6.8212	6.8494	6.8561	6.8161	-0.41
2017-5-25	6.8495	6.876	6.8815	6.8459	-0.35
2017-5-24	6.8737	6.8789	6.8898	6.8725	-0.10
2017-5-23	6.8803	6.8781	6.8838	6.8764	0.03
2017-5-22	6.8784	6.8736	6.8849	6.8735	0.07
2017-5-19	6.8739	6.884	6.892	6.873	-0.13
2017-5-18	6.8831	6.8718	6.8889	6.8702	0.18
2017-5-17	6.8709	6.8755	6.8843	6.8706	-0.07
2017-5-16	6.8757	6.8908	6.8919	6.873	-0.23
2017-5-15	6.8915	6.8974	6.9028	6.8863	-0.09
2017-5-12	6.8974	6.9033	6.9071	6.8968	-0.10
2017-5-11	6.904	6.9135	6.9152	6.9021	-0.14
2017-5-10	6.9135	6.9154	6.9184	6.9086	-0.01
2017-5-9	6.914	6.909	6.9177	6.9073	0.08
2017-5-8	6.9088	6.9015	6.9108	6.9003	0.09
2017-5-5	6.9024	6.893	6.9081	6.8909	0.14
2017-5-4	6.8926	6.8947	6.898	6.8907	-0.03
2017-5-3	6.8945	6.8877	6.8952	6.8857	0.07
2017-5-2	6.8894	6.8975	6.9004	6.8882	-0.12
2017-5-1	6.898	6.8977	6.9039	6.8958	0.00
2017-4-28	6.8977	6.9021	6.9057	6.8932	-0.07
2017-4-27	6.9023	6.8971	6.9067	6.8971	0.08
2017-4-26	6.897	6.8889	6.9038	6.8876	0.12
2017-4-25	6.8885	6.883	6.8909	6.882	0.07
2017-4-24	6.8837	6.888	6.8902	6.8772	-0.10
2017-4-21	6.8908	6.8841	6.8935	6.8792	0.09
2017-4-20	6.8848	6.8858	6.8891	6.8796	0.00
2017-4-19	6.885	6.8761	6.8868	6.8739	0.14
2017-4-18	6.8756	6.8789	6.8886	6.8739	-0.04
2017-4-17	6.8783	6.881	6.8843	6.8753	-0.06
2017-4-14	6.8822	6.8853	6.8895	6.8796	-0.05
2017-4-13	6.8853	6.8849	6.8896	6.8693	0.02
2017-4-12	6.8839	6.9006	6.9056	6.8827	-0.24
2017-4-11	6.9008	6.9055	6.9102	6.9001	-0.07
2017-4-10	6.9055	6.898	6.9147	6.8955	0.09
2017-4-7	6.8991	6.89	6.9013	6.8888	0.13
2017-4-6	6.8898	6.8822	6.8938	6.8803	0.11
2017-4-5	6.8825	6.879	6.888	6.8726	0.05
2017-4-4	6.8788	6.8716	6.883	6.8704	0.06
2017-4-3	6.8746	6.8719	6.8796	6.8694	0.04
2017-3-31	6.8719	6.885	6.8921	6.8708	-0.17
2017-3-30	6.8839	6.868	6.8849	6.867	0.25
2017-3-29	6.8668	6.8732	6.8785	6.8663	-0.09
2017-3-28	6.8729	6.8555	6.8772	6.8497	0.25
2017-3-27	6.8555	6.8719	6.8724	6.8453	-0.25
2017-3-24	6.873	6.8704	6.8858	6.8681	0.04
2017-3-23	6.87	6.8638	6.8768	6.8631	0.09
2017-3-22	6.8639	6.8719	6.8819	6.8621	-0.12
2017-3-21	6.8719	6.8891	6.8967	6.8682	-0.25
2017-3-20	6.889	6.8872	6.8994	6.8828	0.03
2017-3-17	6.8867	6.8712	6.8957	6.8693	0.24
2017-3-16	6.8703	6.8477	6.8784	6.8449	0.33
2017-3-15	6.848	6.9009	6.9039	6.8455	-0.77
2017-3-14	6.9008	6.8961	6.9093	6.8937	0.07
2017-3-13	6.8963	6.8856	6.8974	6.8846	0.15
2017-3-10	6.8858	6.9025	6.9145	6.8831	-0.26
2017-3-9	6.904	6.9177	6.9329	6.8941	-0.18
2017-3-8	6.9162	6.8936	6.9215	6.8914	0.32
2017-3-7	6.8939	6.9006	6.9044	6.889	-0.11
2017-3-6	6.9012	6.8957	6.9027	6.8868	0.07
2017-3-3	6.8966	6.8845	6.9077	6.8829	0.16
2017-3-2	6.8853	6.8678	6.889	6.867	0.24
2017-3-1	6.8689	6.8552	6.8781	6.8544	0.20
2017-2-28	6.8554	6.862	6.8648	6.8453	-0.10
2017-2-27	6.862	6.8535	6.8654	6.8509	0.12
2017-2-24	6.8536	6.8495	6.859	6.8471	0.08
2017-2-23	6.8484	6.8565	6.8664	6.8441	-0.13
2017-2-22	6.8574	6.8643	6.8692	6.8545	-0.09
2017-2-21	6.8636	6.8565	6.8705	6.8542	0.09
2017-2-20	6.8575	6.8524	6.864	6.8426	0.07
2017-2-17	6.8524	6.8499	6.8573	6.8451	0.04
2017-2-16	6.8494	6.8421	6.8563	6.8414	0.11
2017-2-15	6.8419	6.858	6.8655	6.8412	-0.23
2017-2-14	6.8579	6.8736	6.8784	6.8472	-0.22
2017-2-13	6.8728	6.864	6.8848	6.8605	0.11
2017-2-10	6.8655	6.8637	6.8735	6.8596	0.03
2017-2-9	6.8636	6.8418	6.8648	6.8405	0.31
2017-2-8	6.8424	6.8347	6.8578	6.8324	0.10
2017-2-7	6.8353	6.8003	6.8403	6.7949	0.51
2017-2-6	6.8003	6.8015	6.8151	6.7969	-0.01
2017-2-3	6.801	6.8093	6.8278	6.7923	-0.13
2017-2-2	6.8099	6.8271	6.8338	6.7999	-0.28
2017-2-1	6.8291	6.8285	6.8406	6.8262	0.02
2017-1-31	6.8274	6.8567	6.8704	6.8209	-0.45
2017-1-30	6.8581	6.8699	6.8738	6.8525	-0.15
2017-1-27	6.8684	6.8486	6.878	6.846	0.26
2017-1-26	6.8503	6.8265	6.8535	6.8133	0.35
2017-1-25	6.8265	6.8222	6.8404	6.8192	0.05
2017-1-24	6.8231	6.8102	6.8288	6.8038	0.18
2017-1-23	6.8106	6.8376	6.8469	6.8078	-0.39
2017-1-20	6.8374	6.846	6.8586	6.8308	-0.13
2017-1-19	6.8464	6.8385	6.8552	6.8278	0.11
2017-1-18	6.8392	6.8023	6.8433	6.8007	0.54
2017-1-17	6.8026	6.8602	6.873	6.7928	-0.83
2017-1-16	6.8594	6.8457	6.8652	6.8432	0.19
2017-1-13	6.8466	6.8595	6.8758	6.8278	-0.20
2017-1-12	6.8606	6.8882	6.9005	6.8384	-0.39
2017-1-11	6.8872	6.9111	6.9185	6.875	-0.34
2017-1-10	6.9109	6.8798	6.9142	6.8684	0.45
2017-1-9	6.88	6.8468	6.8915	6.8467	0.44
2017-1-6	6.8502	6.8007	6.8627	6.7918	0.91
2017-1-5	6.7883	6.8663	6.8976	6.782	-1.14
2017-1-4	6.8665	6.9585	6.9695	6.8655	-1.33
2017-1-3	6.9591	6.9736	6.9882	6.9572	-0.21
2017-1-2	6.974	6.9723	6.9854	6.9717	0.01
2016-12-30	6.9734	6.9633	6.9858	6.96	0.09
2016-12-29	6.9668	6.9713	6.9883	6.9642	-0.06
2016-12-28	6.9712	6.9581	6.9802	6.9494	0.18
2016-12-27	6.9589	6.9531	6.9649	6.952	0.08
2016-12-26	6.9531	6.9591	6.9593	6.9501	-0.07
2016-12-23	6.958	6.9495	6.9596	6.9442	0.13
2016-12-22	6.9488	6.9302	6.9506	6.9296	0.26
2016-12-21	6.9309	6.9401	6.9497	6.9231	-0.12
2016-12-20	6.9393	6.9325	6.9553	6.9314	0.10
2016-12-19	6.9325	6.9638	6.9668	6.9251	-0.45
2016-12-16	6.9635	6.9318	6.9694	6.93	0.44
2016-12-15	6.9332	6.9278	6.952	6.9202	0.09
2016-12-14	6.9271	6.9214	6.9334	6.896	0.09
2016-12-13	6.9212	6.9244	6.9351	6.9182	-0.06
2016-12-12	6.9251	6.9269	6.9446	6.9246	-0.02
2016-12-9	6.9267	6.911	6.9399	6.908	0.20
2016-12-8	6.9127	6.8974	6.9183	6.8884	0.23
2016-12-7	6.8967	6.8879	6.9084	6.8861	0.13
2016-12-6	6.8879	6.8579	6.8891	6.8571	0.45
2016-12-5	6.8571	6.8723	6.8905	6.856	-0.22
2016-12-2	6.8725	6.8792	6.8911	6.8678	-0.11
2016-12-1	6.8804	6.918	6.9205	6.8762	-0.52
2016-11-30	6.9161	6.9149	6.9216	6.8945	0.03
2016-11-29	6.9138	6.9261	6.9302	6.9111	-0.20
2016-11-28	6.9276	6.9464	6.9498	6.9207	-0.26
2016-11-25	6.9456	6.9454	6.9595	6.9352	0.00
2016-11-24	6.9459	6.9543	6.9661	6.9401	-0.12
2016-11-23	6.9543	6.9128	6.9581	6.9099	0.60
2016-11-22	6.913	6.9043	6.9162	6.8964	0.14
2016-11-21	6.9032	6.9077	6.9188	6.899	-0.07
2016-11-18	6.908	6.9035	6.9137	6.8851	0.06
2016-11-17	6.9041	6.8876	6.9055	6.8792	0.21
2016-11-16	6.8899	6.8735	6.8978	6.8712	0.25
2016-11-15	6.873	6.8555	6.8813	6.848	0.26
2016-11-14	6.8552	6.8231	6.865	6.8207	0.46
2016-11-11	6.8235	6.8305	6.8496	6.8008	-0.10
2016-11-10	6.83	6.8335	6.8354	6.8088	-0.06
2016-11-9	6.8341	6.7976	6.8387	6.7736	0.56
2016-11-8	6.796	6.7939	6.8005	6.7866	0.03
2016-11-7	6.7939	6.7723	6.7962	6.7723	0.32
2016-11-4	6.7725	6.7711	6.7738	6.7647	0.03
2016-11-3	6.7702	6.7676	6.7748	6.7642	0.04
2016-11-2	6.7672	6.7726	6.7762	6.7623	-0.09
2016-11-1	6.7733	6.7773	6.7868	6.7716	-0.06
2016-10-31	6.7775	6.7839	6.7881	6.7765	-0.11
2016-10-28	6.7849	6.797	6.8004	6.7841	-0.15
2016-10-27	6.7954	6.7814	6.7975	6.7809	0.16
2016-10-26	6.7847	6.7744	6.7869	6.7735	0.14
2016-10-25	6.7752	6.7839	6.7904	6.7739	-0.11
2016-10-24	6.7829	6.7721	6.7888	6.7702	0.17
2016-10-21	6.7715	6.7471	6.7771	6.7466	0.35
2016-10-20	6.7481	6.7394	6.7509	6.7387	0.14
2016-10-19	6.739	6.7432	6.748	6.7382	-0.06
2016-10-18	6.7431	6.7469	6.7501	6.7392	-0.06
2016-10-17	6.7473	6.739	6.7519	6.7359	0.14
2016-10-14	6.7377	6.7334	6.7387	6.7293	0.05
2016-10-13	6.734	6.725	6.743	6.7239	0.13
2016-10-12	6.7253	6.7289	6.7317	6.7172	-0.05
2016-10-11	6.7287	6.7173	6.7321	6.7149	0.17
2016-10-10	6.7172	6.7065	6.7199	6.7019	0.15
2016-10-7	6.7069	6.7081	6.7193	6.7022	0.00
2016-10-6	6.7071	6.6985	6.7144	6.6918	0.12
2016-10-5	6.6992	6.694	6.7008	6.689	0.08
2016-10-4	6.694	6.6775	6.6956	6.675	0.24
2016-10-3	6.6781	6.6775	6.6808	6.6732	0.06
2016-9-30	6.6743	6.6708	6.683	6.6701	0.05
2016-9-29	6.671	6.6828	6.6889	6.6698	-0.19
2016-9-28	6.6837	6.6841	6.691	6.681	0.00
2016-9-27	6.6838	6.6832	6.6867	6.6773	0.02
2016-9-26	6.6827	6.6799	6.6851	6.6775	0.04
2016-9-23	6.6798	6.6824	6.6848	6.6735	-0.03
2016-9-22	6.6816	6.6679	6.6836	6.6666	0.20
2016-9-21	6.6685	6.6818	6.6851	6.667	-0.19
2016-9-20	6.6813	6.6663	6.6857	6.6643	0.22
2016-9-19	6.6664	6.6544	6.6717	6.6544	0.16
2016-9-16	6.6556	6.6506	6.6589	6.6438	0.08
2016-9-15	6.6502	6.6678	6.6754	6.6479	-0.26
2016-9-14	6.6675	6.6912	6.6941	6.6642	-0.35
2016-9-13	6.691	6.6848	6.6921	6.6842	0.09
2016-9-12	6.6848	6.6955	6.6988	6.6799	-0.18
2016-9-9	6.6967	6.6811	6.7	6.6765	0.24
2016-9-8	6.6805	6.6713	6.6813	6.6632	0.14
2016-9-7	6.6709	6.6756	6.682	6.6653	-0.05
2016-9-6	6.6745	6.6911	6.6997	6.6731	-0.26
2016-9-5	6.6916	6.6982	6.6989	6.6855	-0.10
2016-9-2	6.698	6.6861	6.7006	6.6833	0.18
2016-9-1	6.6861	6.6906	6.6942	6.6834	-0.07
2016-8-31	6.6909	6.6936	6.6974	6.6867	-0.03
2016-8-30	6.6931	6.6892	6.6976	6.6853	0.05
2016-8-29	6.6898	6.6985	6.7032	6.6863	-0.05
2016-8-26	6.6932	6.6683	6.6979	6.6648	0.37
2016-8-25	6.6685	6.6723	6.6741	6.6665	-0.06
2016-8-24	6.6722	6.6577	6.6734	6.6551	0.22
2016-8-23	6.6575	6.6609	6.662	6.6474	-0.06
2016-8-22	6.6612	6.6562	6.6752	6.6554	0.08
2016-8-19	6.6558	6.631	6.6622	6.6302	0.36
2016-8-18	6.6322	6.6357	6.6411	6.6232	-0.04
2016-8-17	6.6351	6.629	6.645	6.6263	0.08
2016-8-16	6.63	6.6471	6.6483	6.6236	-0.26
2016-8-15	6.647	6.6505	6.6569	6.6451	-0.08
2016-8-12	6.6523	6.6433	6.6571	6.6404	0.15
2016-8-11	6.6426	6.6434	6.6519	6.6342	-0.01
2016-8-10	6.643	6.6609	6.6635	6.6311	-0.29
2016-8-9	6.662	6.6687	6.6727	6.6596	-0.10
2016-8-8	6.6684	6.6649	6.6746	6.6635	0.04
2016-8-5	6.6659	6.6471	6.6723	6.6446	0.29
2016-8-4	6.6467	6.6437	6.6547	6.6334	0.05
2016-8-3	6.6437	6.6332	6.6454	6.6306	0.16
2016-8-2	6.6334	6.6463	6.6569	6.6285	-0.19
2016-8-1	6.646	6.6338	6.6479	6.6257	0.26
2016-7-29	6.6288	6.663	6.6661	6.6236	-0.48
2016-7-28	6.661	6.6727	6.6737	6.6601	-0.16
2016-7-27	6.6715	6.6806	6.6834	6.6707	-0.13
2016-7-26	6.6801	6.6879	6.6888	6.6748	-0.11
2016-7-25	6.6872	6.683	6.692	6.6825	0.07
2016-7-22	6.6824	6.675	6.6867	6.6694	0.10
2016-7-21	6.6757	6.6788	6.6871	6.6684	-0.04
2016-7-20	6.6781	6.7112	6.7127	6.6772	-0.48
2016-7-19	6.7105	6.7096	6.7164	6.7021	0.02
2016-7-18	6.7094	6.706	6.7171	6.7022	-0.01
2016-7-15	6.71	6.6903	6.7173	6.6852	0.26
2016-7-14	6.6928	6.6883	6.6989	6.6867	0.07
2016-7-13	6.6879	6.6974	6.702	6.6787	-0.13
2016-7-12	6.6966	6.7058	6.7073	6.6939	-0.14
2016-7-11	6.706	6.7006	6.7084	6.6963	0.07
2016-7-8	6.7015	6.7021	6.7077	6.6949	0.01
2016-7-7	6.701	6.6955	6.7031	6.6905	0.08
2016-7-6	6.6958	6.6905	6.7088	6.6883	0.09
2016-7-5	6.6895	6.6738	6.6959	6.673	0.20
2016-7-4	6.676	6.6774	6.6839	6.6678	-0.02
2016-7-1	6.6773	6.6685	6.6791	6.6603	0.12
2016-6-30	6.6692	6.6544	6.7	6.6517	0.22
2016-6-29	6.6544	6.6865	6.6875	6.6514	-0.45
2016-6-28	6.6843	6.6816	6.6898	6.6719	0.04
2016-6-27	6.6813	6.6368	6.6878	6.625	0.67
2016-6-24	6.6366	6.5842	6.6525	6.5793	0.78
2016-6-23	6.5851	6.5812	6.5972	6.5803	0.06
2016-6-22	6.581	6.5941	6.6005	6.5801	-0.19
2016-6-21	6.5935	6.5893	6.596	6.5823	0.05
2016-6-20	6.5905	6.5957	6.5965	6.5839	-0.08
2016-6-17	6.5961	6.5978	6.6043	6.5891	-0.02
2016-6-16	6.5977	6.5947	6.6073	6.5858	0.04
2016-6-15	6.5948	6.6063	6.6163	6.5853	-0.17
2016-6-14	6.6061	6.5964	6.607	6.594	0.15
2016-6-13	6.5961	6.6028	6.6086	6.594	-0.10
2016-6-10	6.6028	6.5836	6.6086	6.5816	0.26
2016-6-9	6.5857	6.5691	6.5881	6.5662	0.29
2016-6-8	6.5667	6.5751	6.5804	6.5653	-0.14
2016-6-7	6.5756	6.5664	6.5784	6.5647	0.13
2016-6-6	6.5673	6.5417	6.5723	6.5414	0.39
2016-6-3	6.542	6.5876	6.5969	6.5399	-0.70
2016-6-2	6.5878	6.5865	6.5893	6.5814	0.02
2016-6-1	6.5868	6.5873	6.6002	6.5846	0.01
2016-5-31	6.5864	6.5895	6.5925	6.5823	-0.06
2016-5-30	6.5903	6.5766	6.5926	6.5762	0.20
2016-5-27	6.5771	6.5586	6.5785	6.5568	0.28
2016-5-26	6.5585	6.565	6.567	6.5548	-0.11
2016-5-25	6.5655	6.5667	6.5706	6.5609	-0.02
2016-5-24	6.5666	6.5624	6.5705	6.5605	0.07
2016-5-23	6.5617	6.5613	6.5668	6.5564	0.00
2016-5-20	6.5616	6.5632	6.5671	6.5536	-0.02
2016-5-19	6.563	6.5773	6.5835	6.5579	-0.23
2016-5-18	6.578	6.5487	6.5811	6.5442	0.46
2016-5-17	6.5477	6.5477	6.5495	6.5373	-0.02
2016-5-16	6.5492	6.5522	6.5606	6.5431	-0.06
2016-5-13	6.5533	6.5503	6.5603	6.54	0.06
2016-5-12	6.5491	6.5281	6.5512	6.5259	0.32
2016-5-11	6.528	6.537	6.54	6.5262	-0.13
2016-5-10	6.5363	6.54	6.5447	6.534	-0.09
2016-5-9	6.5419	6.5152	6.5419	6.5104	0.41
2016-5-6	6.5149	6.5199	6.524	6.5087	-0.07
2016-5-5	6.5193	6.5173	6.5218	6.509	0.04
2016-5-4	6.5169	6.5034	6.521	6.5004	0.21
2016-5-3	6.5035	6.4803	6.5061	6.4737	0.37
2016-5-2	6.4798	6.4858	6.4878	6.4787	-0.10
2016-4-29	6.4861	6.4836	6.4929	6.4748	0.02
2016-4-28	6.4851	6.5045	6.5167	6.4799	-0.30
2016-4-27	6.5044	6.5035	6.5136	6.4973	0.01
2016-4-26	6.5037	6.5062	6.5108	6.4977	-0.09
2016-4-25	6.5094	6.5035	6.5174	6.5011	0.05
2016-4-22	6.506	6.4879	6.5077	6.4836	0.28
2016-4-21	6.4877	6.4826	6.4898	6.4766	0.09
2016-4-20	6.482	6.4668	6.4827	6.4668	0.22
2016-4-19	6.4675	6.4845	6.4861	6.4672	-0.26
2016-4-18	6.4844	6.4858	6.4929	6.4816	0.00
2016-4-15	6.4843	6.4925	6.5001	6.4818	-0.12
2016-4-14	6.4923	6.4847	6.5012	6.4829	0.12
2016-4-13	6.4846	6.4732	6.4861	6.4708	0.17
2016-4-12	6.4733	6.4701	6.4865	6.468	0.06
2016-4-11	6.4691	6.4803	6.4863	6.4684	-0.17
2016-4-8	6.4798	6.4866	6.4942	6.4786	-0.08
2016-4-7	6.4852	6.4818	6.4904	6.4742	0.04
2016-4-6	6.4823	6.4866	6.4952	6.4797	-0.06
2016-4-5	6.4859	6.4725	6.4881	6.4683	0.20
2016-4-4	6.4728	6.4698	6.4829	6.4672	0.02
2016-4-1	6.4718	6.4644	6.4851	6.4615	0.11
2016-3-31	6.4644	6.4734	6.4811	6.4571	-0.16
2016-3-30	6.4745	6.4925	6.4981	6.4737	-0.28
2016-3-29	6.4928	6.5165	6.5194	6.4919	-0.38
2016-3-28	6.5178	6.5286	6.5312	6.5168	-0.13
2016-3-25	6.5262	6.5231	6.5304	6.521	0.05
2016-3-24	6.5231	6.508	6.5246	6.5042	0.23
2016-3-23	6.5081	6.4938	6.5097	6.4887	0.22
2016-3-22	6.4936	6.4843	6.4984	6.4809	0.13
2016-3-21	6.4852	6.4652	6.4871	6.4652	0.34
2016-3-18	6.4633	6.4566	6.48	6.4455	0.12
2016-3-17	6.4556	6.4842	6.4995	6.4496	-0.45
2016-3-16	6.4848	6.5119	6.5263	6.4798	-0.41
2016-3-15	6.5115	6.4931	6.5127	6.4924	0.28
2016-3-14	6.4936	6.4833	6.4974	6.4815	0.16
2016-3-11	6.4835	6.5033	6.5069	6.4722	-0.31
2016-3-10	6.5039	6.5118	6.5283	6.5014	-0.12
2016-3-9	6.5115	6.5086	6.5203	6.5073	0.05
2016-3-8	6.5085	6.5076	6.5141	6.5054	0.02
2016-3-7	6.5075	6.5062	6.5271	6.4989	0.09
2016-3-4	6.5015	6.5217	6.5315	6.5008	-0.31
2016-3-3	6.5214	6.5481	6.5493	6.5198	-0.42
2016-3-2	6.5488	6.55	6.5568	6.5464	-0.02
2016-3-1	6.55	6.5526	6.5568	6.5406	-0.03
2016-2-29	6.5522	6.5461	6.5591	6.5435	0.13
2016-2-26	6.544	6.5327	6.544	6.5307	0.13
2016-2-25	6.5355	6.5338	6.5484	6.5318	0.01
2016-2-24	6.5348	6.5318	6.5453	6.5309	0.02
2016-2-23	6.5338	6.5272	6.5389	6.524	0.09
2016-2-22	6.5281	6.5268	6.5305	6.52	0.00
2016-2-19	6.528	6.5208	6.5294	6.5182	0.08
2016-2-18	6.5229	6.5225	6.5334	6.5149	-0.03
2016-2-17	6.525	6.5175	6.5398	6.5153	0.10
2016-2-16	6.5185	6.4977	6.527	6.4968	0.26
2016-2-15	6.5015	6.5083	6.5363	6.4855	-0.14
2016-2-12	6.5105	6.528	6.5499	6.4984	-0.29
2016-2-11	6.5295	6.544	6.5478	6.5254	-0.26
2016-2-10	6.5463	6.564	6.5698	6.5268	-0.29
2016-2-9	6.5655	6.571	6.5832	6.5623	-0.10
2016-2-8	6.5723	6.57	6.5839	6.5681	0.01
2016-2-5	6.5715	6.5742	6.5856	6.5567	-0.06
2016-2-4	6.5756	6.6126	6.6201	6.5617	-0.57
2016-2-3	6.6135	6.6265	6.6532	6.5971	-0.22
2016-2-2	6.6283	6.6178	6.6317	6.6123	0.12
2016-2-1	6.6203	6.5926	6.6224	6.5926	0.40
2016-1-29	6.5941	6.6125	6.6316	6.5906	-0.31
2016-1-28	6.6145	6.6173	6.6185	6.6081	-0.05
2016-1-27	6.6181	6.6076	6.6208	6.6047	0.10
2016-1-26	6.6116	6.6083	6.623	6.6063	0.03
2016-1-25	6.6095	6.611	6.621	6.6042	-0.04
2016-1-22	6.612	6.6018	6.6149	6.5997	0.13
2016-1-21	6.6036	6.6015	6.6205	6.5986	0.01
2016-1-20	6.6032	6.59	6.6133	6.5864	0.19
2016-1-19	6.591	6.5837	6.6096	6.5824	0.10
2016-1-18	6.5844	6.6058	6.6087	6.5737	-0.48
2016-1-15	6.616	6.5986	6.621	6.5972	0.22
2016-1-14	6.6014	6.5651	6.6266	6.5646	0.52
2016-1-13	6.5671	6.5762	6.5841	6.5593	-0.17
2016-1-12	6.5785	6.5829	6.6088	6.565	-0.09
2016-1-11	6.5842	6.6814	6.7076	6.5827	-1.49
2016-1-8	6.6836	6.6808	6.6926	6.6524	0.01
2016-1-7	6.683	6.6953	6.7541	6.6624	-0.19
2016-1-6	6.696	6.6419	6.7344	6.6353	0.77
2016-1-5	6.6448	6.6274	6.6563	6.6255	0.24
2016-1-4	6.6291	6.5687	6.635	6.568	0.90
2016-1-1	6.5697	6.5681	6.5697	6.5681	0.01
2015-12-31	6.5689	6.5658	6.593	6.564	0.01
2015-12-30	6.5682	6.575	6.6123	6.562	-0.13
2015-12-29	6.577	6.5596	6.5825	6.5578	0.25
2015-12-28	6.5606	6.5381	6.5663	6.5343	0.31
2015-12-25	6.54	6.546	6.5478	6.5345	-0.01
2015-12-24	6.5408	6.5433	6.55	6.5303	-0.06
2015-12-23	6.5446	6.5318	6.5499	6.5272	0.27
2015-12-22	6.5271	6.5499	6.5537	6.5237	-0.38
2015-12-21	6.5518	6.5528	6.5605	6.5458	-0.06
2015-12-18	6.5555	6.5665	6.5753	6.5497	-0.19
2015-12-17	6.5681	6.5224	6.5732	6.521	0.68
2015-12-16	6.524	6.5373	6.5464	6.5132	-0.24
2015-12-15	6.54	6.5526	6.5563	6.5263	-0.21
2015-12-14	6.5536	6.5295	6.5606	6.5295	0.37
2015-12-11	6.5297	6.4956	6.563	6.4955	0.50
2015-12-10	6.4971	6.504	6.5431	6.487	-0.08
2015-12-9	6.502	6.4854	6.5232	6.4845	0.22
2015-12-8	6.4878	6.4715	6.5004	6.4707	0.25
2015-12-7	6.4719	6.4425	6.4752	6.4419	0.38
2015-12-4	6.4475	6.4202	6.4528	6.4185	0.40
2015-12-3	6.4219	6.4461	6.4565	6.4185	-0.39
2015-12-2	6.4471	6.4451	6.452	6.4357	0.00
2015-12-1	6.4472	6.4238	6.4518	6.423	0.35
2015-11-30	6.4245	6.4495	6.4606	6.4146	-0.41
2015-11-27	6.4512	6.4335	6.4589	6.4316	0.25
2015-11-26	6.4348	6.4217	6.4397	6.4183	0.19
2015-11-25	6.4226	6.4262	6.4291	6.414	-0.07
2015-11-24	6.4273	6.4295	6.434	6.4213	-0.06
2015-11-23	6.431	6.4172	6.436	6.416	0.16
2015-11-20	6.4207	6.4021	6.4216	6.402	0.27
2015-11-19	6.4036	6.4164	6.4188	6.4013	-0.22
2015-11-18	6.418	6.4107	6.4206	6.4023	0.11
2015-11-17	6.4112	6.398	6.4119	6.3904	0.18
2015-11-16	6.3999	6.4074	6.422	6.3843	-0.10
2015-11-13	6.406	6.39	6.4162	6.3888	0.22
2015-11-12	6.3918	6.3887	6.4	6.386	0.02
2015-11-11	6.3905	6.3924	6.4002	6.3844	-0.05
2015-11-10	6.3939	6.3898	6.3958	6.3829	0.04
2015-11-9	6.3912	6.3908	6.3957	6.3805	-0.02
2015-11-6	6.3926	6.3713	6.394	6.355	0.31
2015-11-5	6.3726	6.3508	6.3761	6.3505	0.28
2015-11-4	6.3547	6.3438	6.3586	6.3427	0.16
2015-11-3	6.3447	6.345	6.3558	6.3409	-0.02
2015-11-2	6.3461	6.3215	6.3509	6.3212	0.39
2015-10-30	6.3215	6.348	6.3529	6.3141	-0.44
2015-10-29	6.3495	6.3883	6.4013	6.3451	-0.62
2015-10-28	6.389	6.3921	6.4062	6.3867	-0.08
2015-10-27	6.3944	6.388	6.3971	6.3784	0.08
2015-10-26	6.3891	6.3945	6.3971	6.3856	-0.13
2015-10-23	6.3973	6.3861	6.4013	6.381	0.15
2015-10-22	6.3874	6.3683	6.3969	6.3617	0.29
2015-10-21	6.3688	6.3697	6.3738	6.3554	-0.03
2015-10-20	6.3707	6.388	6.3895	6.3641	-0.28
2015-10-19	6.3886	6.3617	6.3907	6.3615	0.38
2015-10-16	6.3645	6.3493	6.3703	6.3478	0.23
2015-10-15	6.3498	6.3378	6.353	6.337	0.18
2015-10-14	6.3387	6.3411	6.3568	6.3363	-0.06
2015-10-13	6.3423	6.3215	6.3482	6.3192	0.30
2015-10-12	6.3231	6.339	6.3439	6.3145	-0.22
2015-10-9	6.3369	6.34	6.3502	6.3345	-0.08
2015-10-8	6.3419	6.3463	6.3597	6.3387	-0.09
2015-10-7	6.3473	6.3508	6.3551	6.3353	-0.08
2015-10-6	6.3521	6.3476	6.36	6.346	0.05
2015-10-5	6.3491	6.3557	6.3643	6.3441	-0.12
2015-10-2	6.3568	6.3662	6.3802	6.3547	-0.17
2015-10-1	6.3679	6.3617	6.3713	6.3547	0.07
2015-9-30	6.3636	6.3431	6.3679	6.3394	0.31
2015-9-29	6.3441	6.357	6.3753	6.3322	-0.22
2015-9-28	6.358	6.3991	6.3998	6.3564	-0.61
2015-9-25	6.397	6.416	6.4216	6.3951	-0.30
2015-9-24	6.4163	6.4379	6.4441	6.4144	-0.35
2015-9-23	6.4386	6.4158	6.4398	6.4113	0.34
2015-9-22	6.4166	6.3981	6.4207	6.3968	0.28
2015-9-21	6.3986	6.386	6.4079	6.3846	0.18
2015-9-18	6.387	6.3993	6.4036	6.384	-0.21
2015-9-17	6.4005	6.4034	6.4143	6.3968	-0.06
2015-9-16	6.4045	6.4099	6.4128	6.4004	-0.10
2015-9-15	6.4108	6.4016	6.4135	6.3956	0.12
2015-9-14	6.4033	6.408	6.4154	6.3982	-0.10
2015-9-11	6.4097	6.3876	6.4207	6.3772	0.36
2015-9-10	6.3868	6.4646	6.4845	6.3783	-1.23
2015-9-9	6.4665	6.4525	6.4737	6.4441	0.18
2015-9-8	6.4546	6.4792	6.4943	6.4507	-0.38
2015-9-7	6.4789	6.469	6.4925	6.4448	0.19
2015-9-4	6.4665	6.4463	6.4713	6.4456	0.25
2015-9-3	6.4504	6.4457	6.4563	6.4395	0.06
2015-9-2	6.4467	6.4159	6.4591	6.4127	0.45
2015-9-1	6.4177	6.4417	6.4489	6.4067	-0.38
2015-8-31	6.4422	6.4608	6.4627	6.4399	-0.32
2015-8-28	6.463	6.4748	6.4809	6.449	-0.21
2015-8-27	6.4763	6.489	6.4936	6.4711	-0.20
2015-8-26	6.4894	6.5095	6.5168	6.4804	-0.32
2015-8-25	6.5105	6.4916	6.5147	6.4516	0.26
2015-8-24	6.4937	6.453	6.5317	6.4479	0.62
2015-8-21	6.4539	6.438	6.4577	6.4343	0.22
2015-8-20	6.4395	6.4621	6.4638	6.4363	-0.36
2015-8-19	6.4625	6.4389	6.4646	6.4345	0.34
2015-8-18	6.4405	6.443	6.4539	6.4315	-0.06
2015-8-17	6.4445	6.4485	6.4563	6.4303	-0.14
2015-8-14	6.4533	6.4616	6.4636	6.426	-0.14
2015-8-13	6.4622	6.4308	6.5096	6.4304	0.18
2015-8-12	6.4504	6.3878	6.5957	6.3834	0.96
2015-8-11	6.3888	6.2136	6.4062	6.213	2.80
2015-8-10	6.2148	6.2153	6.22	6.2127	-0.02
2015-8-7	6.2162	6.2165	6.2195	6.2144	-0.02
2015-8-6	6.2175	6.2177	6.2209	6.216	-0.01
2015-8-5	6.2183	6.2178	6.2268	6.2163	-0.01
2015-8-4	6.219	6.2182	6.2208	6.214	-0.01
2015-8-3	6.2195	6.2208	6.2218	6.216	-0.03
2015-7-31	6.2211	6.2191	6.2245	6.2139	0.00
2015-7-30	6.2212	6.2169	6.2237	6.2163	0.05
2015-7-29	6.2179	6.2162	6.2208	6.2126	0.01
2015-7-28	6.2172	6.2189	6.2274	6.2131	-0.04
2015-7-27	6.2199	6.2253	6.2276	6.2179	-0.12
2015-7-24	6.2272	6.2135	6.2298	6.212	0.22
2015-7-23	6.2138	6.2112	6.2188	6.2105	0.03
2015-7-22	6.2121	6.2085	6.2138	6.2072	0.04
2015-7-21	6.2097	6.2132	6.2172	6.2068	-0.07
2015-7-20	6.2141	6.213	6.218	6.2112	0.01
2015-7-17	6.2133	6.2133	6.2162	6.2111	-0.01
2015-7-16	6.214	6.2155	6.2183	6.212	-0.03
2015-7-15	6.2157	6.213	6.219	6.211	0.01
2015-7-14	6.2149	6.2161	6.2196	6.212	-0.02
2015-7-13	6.2163	6.2164	6.2194	6.213	-0.02
2015-7-10	6.2174	6.2167	6.2209	6.2116	0.00
2015-7-9	6.2176	6.2217	6.2246	6.2109	-0.09
2015-7-8	6.2229	6.221	6.2301	6.214	0.01
2015-7-7	6.2221	6.2115	6.2287	6.2108	0.16
2015-7-6	6.2124	6.2065	6.2185	6.204	0.09
2015-7-3	6.2066	6.2019	6.2086	6.2014	0.06
2015-7-2	6.2029	6.2044	6.2092	6.2009	-0.03
2015-7-1	6.2048	6.2057	6.2073	6.2011	-0.03
2015-6-30	6.2067	6.206	6.2101	6.2022	-0.01
2015-6-29	6.2075	6.2045	6.2152	6.204	0.03
2015-6-26	6.2057	6.2038	6.2123	6.2025	0.02
2015-6-25	6.2042	6.2015	6.2096	6.1999	0.04
2015-6-24	6.2018	6.199	6.2056	6.1988	0.02
2015-6-23	6.2004	6.2038	6.2069	6.1987	-0.04
2015-6-22	6.203	6.2067	6.2082	6.2012	-0.05
2015-6-19	6.206	6.202	6.2145	6.2015	0.04
2015-6-18	6.2034	6.2029	6.21	6.201	-0.01
2015-6-17	6.2041	6.2084	6.2114	6.2015	-0.07
2015-6-16	6.2085	6.2127	6.2139	6.2074	-0.07
2015-6-15	6.2129	6.2144	6.2165	6.2105	-0.06
2015-6-12	6.2165	6.2103	6.2202	6.2095	0.08
2015-6-11	6.2118	6.2071	6.2135	6.2057	0.05
2015-6-10	6.2084	6.2107	6.2143	6.2061	-0.05
2015-6-9	6.2117	6.2085	6.2155	6.2065	0.05
2015-6-8	6.2088	6.2097	6.2165	6.2066	-0.05
2015-6-5	6.212	6.2041	6.2144	6.2021	0.11
2015-6-4	6.2053	6.1978	6.2096	6.1965	0.10
2015-6-3	6.1992	6.1992	6.2026	6.197	-0.02
2015-6-2	6.2004	6.204	6.2066	6.1981	-0.08
2015-6-1	6.2052	6.2027	6.2067	6.1966	0.03
2015-5-29	6.2035	6.2033	6.2055	6.1998	-0.01
2015-5-28	6.2043	6.2049	6.2079	6.1994	-0.02
2015-5-27	6.2053	6.2083	6.2107	6.2023	-0.07
2015-5-26	6.2094	6.2018	6.2108	6.2007	0.11
2015-5-25	6.2027	6.1996	6.2054	6.198	0.01
2015-5-22	6.202	6.1961	6.2035	6.1925	0.08
2015-5-21	6.1971	6.205	6.2075	6.1947	-0.14
2015-5-20	6.2056	6.209	6.2118	6.2031	-0.06
2015-5-19	6.2093	6.2054	6.2114	6.2035	0.05
2015-5-18	6.2059	6.2018	6.2078	6.2	0.04
2015-5-15	6.2034	6.2027	6.2093	6.2002	-0.02
2015-5-14	6.2046	6.199	6.2064	6.1975	0.07
2015-5-13	6.2005	6.2078	6.2117	6.198	-0.15
2015-5-12	6.21	6.2123	6.215	6.2055	-0.05
2015-5-11	6.2128	6.2076	6.2173	6.2061	0.06
2015-5-8	6.2088	6.2116	6.2146	6.2059	-0.08
2015-5-7	6.2135	6.2014	6.2157	6.1998	0.17
2015-5-6	6.203	6.2058	6.2098	6.1969	-0.07
2015-5-5	6.2073	6.2104	6.2154	6.2049	-0.07
2015-5-4	6.2118	6.2088	6.2163	6.2084	0.01
2015-5-1	6.211	6.2067	6.2159	6.2062	0.05
2015-4-30	6.2082	6.2005	6.2128	6.1964	0.11
2015-4-29	6.2016	6.204	6.2092	6.197	-0.05
2015-4-28	6.2046	6.2141	6.2204	6.1992	-0.20
2015-4-27	6.2168	6.1919	6.2252	6.1919	0.32
2015-4-24	6.1968	6.19	6.2003	6.1869	0.10
2015-4-23	6.1908	6.1937	6.1993	6.1867	-0.07
2015-4-22	6.195	6.1957	6.2011	6.1884	-0.03
2015-4-21	6.197	6.1947	6.2027	6.1938	0.02
2015-4-20	6.1959	6.1951	6.205	6.193	0.05
2015-4-17	6.1928	6.1876	6.1992	6.185	0.07
2015-4-16	6.1884	6.2	6.2037	6.1859	-0.20
2015-4-15	6.2008	6.2132	6.2175	6.197	-0.23
2015-4-14	6.2148	6.2246	6.2279	6.2107	-0.19
2015-4-13	6.2266	6.218	6.2303	6.2157	0.13
2015-4-10	6.2183	6.2172	6.2233	6.214	0.00
2015-4-9	6.2184	6.2048	6.22	6.2045	0.20
2015-4-8	6.206	6.1985	6.2107	6.1967	0.10
2015-4-7	6.2	6.1948	6.2022	6.1918	0.06
2015-4-6	6.1964	6.1962	6.1998	6.1913	0.01
2015-4-3	6.1958	6.2002	6.2056	6.1922	-0.07
2015-4-2	6.1999	6.2035	6.2082	6.1977	-0.08
2015-4-1	6.2046	6.2049	6.2113	6.1985	-0.03
2015-3-31	6.2063	6.2072	6.211	6.201	-0.03
2015-3-30	6.2082	6.2114	6.218	6.2045	-0.06
2015-3-27	6.2118	6.2147	6.2266	6.2088	-0.07
2015-3-26	6.2161	6.2106	6.2181	6.2072	0.10
2015-3-25	6.21	6.2095	6.2199	6.2054	0.00
2015-3-24	6.2101	6.2037	6.2183	6.202	0.08
2015-3-23	6.2049	6.203	6.2178	6.1927	0.02
2015-3-20	6.2037	6.2148	6.2243	6.1953	-0.20
2015-3-19	6.216	6.2216	6.2271	6.1995	-0.14
2015-3-18	6.2248	6.2466	6.2497	6.2198	-0.37
2015-3-17	6.2478	6.2693	6.2711	6.2422	-0.37
2015-3-16	6.2708	6.2833	6.2865	6.2628	-0.23
2015-3-13	6.2855	6.2743	6.2914	6.268	0.16
2015-3-12	6.2757	6.2763	6.2822	6.2667	-0.04
2015-3-11	6.278	6.2826	6.2841	6.2715	-0.08
2015-3-10	6.2832	6.2723	6.2857	6.2693	0.15
2015-3-9	6.2735	6.2835	6.2853	6.2704	-0.18
2015-3-6	6.285	6.2736	6.2873	6.2695	0.17
2015-3-5	6.2746	6.287	6.293	6.271	-0.21
2015-3-4	6.2876	6.2835	6.2896	6.2751	0.04
2015-3-3	6.285	6.2897	6.2935	6.281	-0.09
2015-3-2	6.2904	6.2875	6.3019	6.2817	0.06
2015-2-27	6.2868	6.2774	6.2951	6.2751	0.11
2015-2-26	6.2799	6.2705	6.2817	6.2625	0.14
2015-2-25	6.2712	6.2617	6.2746	6.2608	0.12
2015-2-24	6.2634	6.2723	6.279	6.2607	-0.16
2015-2-23	6.2732	6.2775	6.2804	6.2715	-0.09
2015-2-20	6.279	6.271	6.2816	6.2698	0.10
2015-2-19	6.2725	6.2767	6.2808	6.2706	-0.10
2015-2-18	6.2785	6.2751	6.2853	6.2742	0.04
2015-2-17	6.2763	6.2649	6.2864	6.264	0.16
2015-2-16	6.2663	6.2419	6.2737	6.2415	0.35
2015-2-13	6.2446	6.2398	6.2483	6.2355	0.06
2015-2-12	6.241	6.2458	6.2531	6.239	-0.10
2015-2-11	6.247	6.2562	6.258	6.2425	-0.16
2015-2-10	6.2568	6.249	6.259	6.2408	0.10
2015-2-9	6.2505	6.2478	6.2567	6.246	0.04
2015-2-6	6.2478	6.2411	6.2533	6.2338	0.09
2015-2-5	6.2423	6.2546	6.2663	6.2409	-0.22
2015-2-4	6.2561	6.2552	6.2608	6.246	-0.01
2015-2-3	6.2567	6.2666	6.2763	6.2497	-0.17
2015-2-2	6.2675	6.2817	6.2831	6.2646	-0.25
2015-1-30	6.2833	6.2607	6.2894	6.2544	0.34
2015-1-29	6.2619	6.2577	6.2653	6.2534	0.04
2015-1-28	6.2592	6.2426	6.2633	6.2389	0.25
2015-1-27	6.2437	6.2527	6.2564	6.2375	-0.18
2015-1-26	6.2549	6.254	6.2694	6.2475	0.00
2015-1-23	6.255	6.2208	6.2567	6.2171	0.54
2015-1-22	6.2216	6.216	6.2251	6.209	0.07
2015-1-21	6.2172	6.2204	6.2266	6.2111	-0.07
2015-1-20	6.2218	6.223	6.2283	6.2145	-0.04
2015-1-19	6.2241	6.2315	6.2363	6.22	-0.32
2015-1-16	6.2443	6.2025	6.2443	6.1975	0.46
2015-1-15	6.2154	6.193	6.2175	6.1867	0.34
2015-1-14	6.1944	6.1952	6.1993	6.1914	-0.04
2015-1-13	6.1966	6.1965	6.2048	6.193	-0.01
2015-1-12	6.1974	6.2045	6.2061	6.1945	-0.14
2015-1-9	6.2059	6.2175	6.2189	6.204	-0.20
2015-1-8	6.2183	6.2146	6.2243	6.2131	0.04
2015-1-7	6.2157	6.2115	6.2205	6.2075	0.05
2015-1-6	6.2125	6.227	6.2285	6.2059	-0.25
2015-1-5	6.2281	6.2275	6.2337	6.221	0.00
2015-1-2	6.2284	6.217	6.2313	6.217	0.19
2014-12-31	6.2163	6.2157	6.2279	6.2055	-0.01
2014-12-30	6.2171	6.2335	6.2404	6.213	-0.29
2014-12-29	6.2352	6.2156	6.2378	6.21	0.30
2014-12-26	6.2166	6.2054	6.218	6.2041	0.16
2014-12-25	6.2069	6.2247	6.2264	6.205	-0.29
2014-12-24	6.2248	6.2306	6.2327	6.2212	-0.11
2014-12-23	6.2317	6.2178	6.2338	6.2172	0.21
2014-12-22	6.2188	6.2229	6.2274	6.2135	-0.09
2014-12-19	6.2245	6.2199	6.2302	6.2157	0.06
2014-12-18	6.2205	6.2008	6.225	6.1988	0.30
2014-12-17	6.202	6.1923	6.2027	6.1895	0.15
2014-12-16	6.1928	6.1985	6.2022	6.1887	-0.11
2014-12-15	6.1997	6.196	6.201	6.187	0.05
2014-12-12	6.1963	6.1955	6.204	6.1855	0.00
2014-12-11	6.1963	6.1787	6.1992	6.1742	0.26
2014-12-10	6.18	6.1864	6.2001	6.1765	-0.12
2014-12-9	6.1876	6.172	6.2063	6.1695	0.23
2014-12-8	6.1731	6.1585	6.1824	6.15	0.21
2014-12-5	6.1599	6.1509	6.1608	6.1486	0.13
2014-12-4	6.1521	6.1463	6.1597	6.146	0.08
2014-12-3	6.1474	6.1559	6.157	6.1445	-0.15
2014-12-2	6.1569	6.1571	6.1593	6.1485	-0.02
2014-12-1	6.1582	6.1598	6.169	6.156	-0.04
2014-11-28	6.1609	6.146	6.1641	6.1456	0.22
2014-11-27	6.1472	6.1483	6.1501	6.141	-0.03
2014-11-26	6.149	6.1459	6.1584	6.1365	0.03
2014-11-25	6.1471	6.1579	6.1594	6.1425	-0.19
2014-11-24	6.1591	6.1342	6.1637	6.1315	0.41
2014-11-21	6.1342	6.1246	6.1394	6.12	0.14
2014-11-20	6.1258	6.1241	6.131	6.1225	0.01
2014-11-19	6.125	6.1169	6.1284	6.114	0.12
2014-11-18	6.1178	6.1249	6.1274	6.1151	-0.14
2014-11-17	6.1262	6.129	6.1316	6.1228	-0.06
2014-11-14	6.1301	6.1286	6.136	6.126	0.01
2014-11-13	6.1296	6.1319	6.1363	6.127	-0.05
2014-11-12	6.1327	6.1274	6.1389	6.1256	0.07
2014-11-11	6.1284	6.1232	6.1358	6.121	0.07
2014-11-10	6.1243	6.1271	6.1296	6.1186	-0.19
2014-11-7	6.136	6.1209	6.1429	6.1204	0.21
2014-11-6	6.123	6.1191	6.1252	6.116	0.02
2014-11-5	6.1217	6.1172	6.125	6.1135	0.06
2014-11-4	6.1182	6.129	6.1304	6.1164	-0.19
2014-11-3	6.13	6.1262	6.1315	6.1215	0.04
2014-10-31	6.1278	6.1165	6.1293	6.113	0.17
2014-10-30	6.1176	6.1172	6.1239	6.1153	0.01
2014-10-29	6.117	6.1123	6.1195	6.11	0.05
2014-10-28	6.1139	6.1192	6.121	6.1117	-0.10
2014-10-27	6.1202	6.1237	6.1254	6.1182	-0.07
2014-10-24	6.1242	6.1244	6.1313	6.1219	-0.02
2014-10-23	6.1254	6.1235	6.1279	6.123	0.01
2014-10-22	6.1248	6.1265	6.1286	6.1199	-0.04
2014-10-21	6.1275	6.1321	6.134	6.1235	-0.09
2014-10-20	6.1332	6.1406	6.1416	6.1307	-0.13
2014-10-17	6.1414	6.1413	6.1493	6.1334	-0.03
2014-10-16	6.143	6.1334	6.1564	6.1295	0.13
2014-10-15	6.1349	6.1406	6.1437	6.1312	-0.11
2014-10-14	6.1418	6.1335	6.1438	6.1328	0.11
2014-10-13	6.1352	6.1413	6.1445	6.1331	-0.11
2014-10-10	6.1421	6.1382	6.1456	6.1355	0.05
2014-10-9	6.1392	6.1366	6.142	6.132	0.02
2014-10-8	6.1377	6.1454	6.1488	6.1357	-0.15
2014-10-7	6.1468	6.1504	6.1545	6.1454	-0.10
2014-10-6	6.1529	6.1664	6.1697	6.149	-0.23
2014-10-3	6.167	6.1601	6.17	6.155	0.08
2014-10-2	6.1621	6.1697	6.171	6.1577	-0.13
2014-10-1	6.1701	6.178	6.1847	6.1689	-0.15
2014-9-30	6.1792	6.1781	6.1802	6.1615	0.00
2014-9-29	6.179	6.145	6.1808	6.1443	0.55
2014-9-26	6.1454	6.1458	6.1488	6.1388	-0.03
2014-9-25	6.1475	6.1386	6.1516	6.1375	0.13
2014-9-24	6.1395	6.1411	6.144	6.135	-0.06
2014-9-23	6.1429	6.1525	6.1536	6.1385	-0.17
2014-9-22	6.1535	6.1432	6.1558	6.1385	0.15
2014-9-19	6.1443	6.145	6.1472	6.1395	-0.03
2014-9-18	6.146	6.1624	6.163	6.1444	-0.15
2014-9-17	6.1551	6.1549	6.159	6.1475	-0.02
2014-9-16	6.1561	6.1697	6.1797	6.1535	-0.24
2014-9-15	6.1707	6.1385	6.1776	6.1385	0.49
2014-9-12	6.1408	6.1355	6.1426	6.134	0.07
2014-9-11	6.1368	6.1323	6.1382	6.1307	0.06
2014-9-10	6.1334	6.1377	6.1391	6.1295	-0.08
2014-9-9	6.1385	6.1392	6.1414	6.1312	-0.02
2014-9-8	6.1396	6.1411	6.1426	6.1325	-0.03
2014-9-5	6.1412	6.146	6.1495	6.1393	-0.09
2014-9-4	6.1468	6.1443	6.1485	6.1365	0.03
2014-9-3	6.1452	6.1514	6.154	6.1434	-0.12
2014-9-2	6.1523	6.145	6.1552	6.143	0.10
2014-9-1	6.1461	6.1482	6.1518	6.1425	-0.05
2014-8-29	6.1494	6.1493	6.1525	6.146	-0.02
2014-8-28	6.1505	6.1431	6.154	6.141	0.11
2014-8-27	6.144	6.1496	6.1514	6.1423	-0.11
2014-8-26	6.1508	6.1543	6.1583	6.1478	-0.07
2014-8-25	6.1551	6.1547	6.1621	6.1525	-0.01
2014-8-22	6.1559	6.1527	6.1631	6.1523	0.03
2014-8-21	6.1543	6.144	6.1602	6.1427	0.15
2014-8-20	6.1448	6.1432	6.1479	6.1405	0.01
2014-8-19	6.1442	6.1404	6.1464	6.1345	0.05
2014-8-18	6.1413	6.1465	6.1476	6.1385	-0.11
2014-8-15	6.148	6.1509	6.1526	6.1435	-0.07
2014-8-14	6.152	6.1579	6.1598	6.149	-0.11
2014-8-13	6.159	6.1593	6.1655	6.1557	-0.02
2014-8-12	6.1601	6.1534	6.1642	6.1517	0.11
2014-8-11	6.1536	6.154	6.1562	6.1499	-0.02
2014-8-8	6.1549	6.1656	6.1695	6.1536	-0.18
2014-8-7	6.1663	6.1603	6.1685	6.1574	0.09
2014-8-6	6.1605	6.1691	6.1712	6.159	-0.14
2014-8-5	6.1693	6.1738	6.1757	6.1659	-0.08
2014-8-4	6.174	6.179	6.1795	6.1715	-0.11
2014-8-1	6.181	6.1794	6.1855	6.175	0.01
2014-7-31	6.1805	6.173	6.1817	6.1714	0.12
2014-7-30	6.173	6.18	6.1822	6.1698	-0.13
2014-7-29	6.181	6.1803	6.1846	6.176	0.00
2014-7-28	6.1812	6.188	6.189	6.1794	-0.13
2014-7-25	6.189	6.1902	6.1969	6.1865	-0.05
2014-7-24	6.1918	6.1907	6.1948	6.1875	0.00
2014-7-23	6.192	6.2017	6.205	6.1893	-0.18
2014-7-22	6.2032	6.2041	6.2079	6.2003	-0.03
2014-7-21	6.205	6.2052	6.208	6.2025	-0.03
2014-7-18	6.2069	6.2059	6.2074	6.2006	0.00
2014-7-17	6.2069	6.2066	6.2103	6.1995	-0.01
2014-7-16	6.2076	6.2152	6.2181	6.2053	-0.13
2014-7-15	6.2154	6.2079	6.2157	6.2065	0.10
2014-7-14	6.2091	6.203	6.2104	6.2028	0.09
2014-7-11	6.2038	6.2022	6.2113	6.2011	0.01
2014-7-10	6.2034	6.1957	6.2087	6.193	0.11
2014-7-9	6.1963	6.2026	6.2035	6.1947	-0.12
2014-7-8	6.2038	6.201	6.2072	6.199	0.02
2014-7-7	6.2023	6.2051	6.2096	6.198	-0.07
2014-7-4	6.2068	6.2104	6.2176	6.2035	-0.07
2014-7-3	6.2114	6.215	6.22	6.2088	-0.08
2014-7-2	6.2165	6.2024	6.2184	6.2021	0.20
2014-7-1	6.204	6.2049	6.2096	6.1999	-0.02
2014-6-30	6.2053	6.2143	6.2172	6.2033	-0.16
2014-6-27	6.215	6.2239	6.227	6.2131	-0.16
2014-6-26	6.2251	6.2262	6.2316	6.2215	-0.05
2014-6-25	6.228	6.2323	6.237	6.2263	-0.07
2014-6-24	6.2322	6.2229	6.2337	6.2213	0.14
2014-6-23	6.2236	6.2267	6.2306	6.2219	-0.07
2014-6-20	6.2277	6.2288	6.232	6.2255	-0.03
2014-6-19	6.2297	6.2249	6.232	6.223	0.06
2014-6-18	6.2258	6.2314	6.2367	6.224	-0.10
2014-6-17	6.232	6.2185	6.234	6.2179	0.20
2014-6-16	6.2195	6.2115	6.2249	6.207	0.12
2014-6-13	6.2121	6.2112	6.2185	6.2035	0.00
2014-6-12	6.2124	6.2203	6.2278	6.2103	-0.15
2014-6-11	6.222	6.2151	6.2288	6.214	0.10
2014-6-10	6.2157	6.2264	6.2314	6.2137	-0.19
2014-6-9	6.2276	6.2438	6.2469	6.2252	-0.27
2014-6-6	6.2447	6.2535	6.2556	6.2418	-0.16
2014-6-5	6.2544	6.2525	6.2642	6.2525	0.00
2014-6-4	6.2542	6.2491	6.2595	6.2475	0.05
2014-6-3	6.2508	6.2548	6.257	6.2455	-0.08
2014-6-2	6.2558	6.2458	6.2565	6.2454	0.13
2014-5-30	6.2475	6.2465	6.2518	6.24	0.01
2014-5-29	6.2471	6.2628	6.2683	6.2443	-0.28
2014-5-28	6.2645	6.2529	6.2724	6.2521	0.15
2014-5-27	6.2549	6.2358	6.2581	6.2335	0.30
2014-5-26	6.2365	6.2336	6.2385	6.2325	0.03
2014-5-23	6.2348	6.2311	6.2386	6.2295	0.04
2014-5-22	6.2326	6.2329	6.2373	6.2297	0.00
2014-5-21	6.2329	6.2363	6.239	6.231	-0.07
2014-5-20	6.2372	6.2355	6.2404	6.2348	0.00
2014-5-19	6.2375	6.232	6.2431	6.2308	0.08
2014-5-16	6.2326	6.229	6.2382	6.2265	0.03
2014-5-15	6.2306	6.2254	6.2355	6.223	0.07
2014-5-14	6.2263	6.2349	6.2403	6.2235	-0.15
2014-5-13	6.2355	6.2415	6.247	6.2335	-0.11
2014-5-12	6.2425	6.2323	6.2445	6.232	0.12
2014-5-9	6.2351	6.2305	6.2364	6.2275	0.05
2014-5-8	6.2322	6.2335	6.2409	6.223	-0.03
2014-5-7	6.234	6.2216	6.2401	6.2199	0.19
2014-5-6	6.2221	6.2424	6.2482	6.22	-0.34
2014-5-5	6.2435	6.2533	6.258	6.2409	-0.18
2014-5-2	6.2545	6.2525	6.2583	6.2518	0.03
2014-5-1	6.2526	6.2508	6.2588	6.248	0.00
2014-4-30	6.2525	6.2574	6.2729	6.2503	-0.10
2014-4-29	6.2587	6.251	6.2598	6.2502	0.12
2014-4-28	6.2515	6.2562	6.2595	6.25	-0.10
2014-4-25	6.2577	6.2513	6.263	6.248	0.09
2014-4-24	6.2523	6.2383	6.2569	6.235	0.22
2014-4-23	6.2385	6.2368	6.2473	6.2345	0.01
2014-4-22	6.2378	6.2274	6.2398	6.2262	0.15
2014-4-21	6.2285	6.222	6.233	6.221	0.08
2014-4-18	6.2238	6.2232	6.2271	6.2195	0.00
2014-4-17	6.2238	6.2243	6.2254	6.2154	-0.02
2014-4-16	6.2252	6.2229	6.2291	6.2225	0.01
2014-4-15	6.2248	6.2226	6.2324	6.2208	0.03
2014-4-14	6.2231	6.2084	6.2248	6.2079	0.21
2014-4-11	6.21	6.21	6.2157	6.206	-0.01
2014-4-10	6.2107	6.1903	6.2111	6.1897	0.31
2014-4-9	6.1913	6.1908	6.2012	6.185	-0.01
2014-4-8	6.1917	6.2086	6.2127	6.1887	-0.30
2014-4-7	6.2102	6.215	6.2164	6.2084	-0.09
2014-4-4	6.216	6.2138	6.2232	6.2125	0.01
2014-4-3	6.2155	6.2038	6.218	6.2008	0.18
2014-4-2	6.2043	6.2048	6.2073	6.1953	-0.02
2014-4-1	6.2055	6.2136	6.2175	6.201	-0.16
2014-3-31	6.2153	6.202	6.2195	6.202	0.20
2014-3-28	6.2032	6.2073	6.2123	6.2015	-0.08
2014-3-27	6.208	6.202	6.215	6.201	0.09
2014-3-26	6.2027	6.1831	6.2061	6.1822	0.28
2014-3-25	6.1852	6.1799	6.1924	6.1705	0.07
2014-3-24	6.181	6.195	6.2011	6.1791	-0.25
2014-3-21	6.1965	6.205	6.2113	6.1929	-0.17
2014-3-20	6.2068	6.1926	6.2126	6.1918	0.30
2014-3-19	6.1885	6.1768	6.2004	6.1768	0.18
2014-3-18	6.1775	6.1581	6.1857	6.1575	0.29
2014-3-17	6.1595	6.1529	6.1703	6.1524	0.09
2014-3-14	6.154	6.1415	6.1571	6.138	0.23
2014-3-13	6.14	6.14	6.1435	6.1309	-0.02
2014-3-12	6.1414	6.14	6.1513	6.1365	0.01
2014-3-11	6.141	6.136	6.145	6.1243	0.07
2014-3-10	6.1367	6.1183	6.1385	6.1155	0.44
2014-3-7	6.11	6.1	6.1125	6.0925	0.15
2014-3-6	6.1007	6.1213	6.1258	6.0965	-0.33
2014-3-5	6.121	6.1308	6.1378	6.1195	-0.16
2014-3-4	6.1311	6.1262	6.1331	6.124	0.07
2014-3-3	6.1266	6.119	6.1296	6.1175	0.11
2014-2-28	6.1197	6.0988	6.1327	6.0978	0.32
2014-2-27	6.1002	6.1168	6.1246	6.0964	-0.30
2014-2-26	6.1185	6.1151	6.1326	6.1075	0.03
2014-2-25	6.1165	6.0949	6.1296	6.092	0.32
2014-2-24	6.0968	6.102	6.1059	6.0885	0.09
2014-2-21	6.0912	6.0708	6.1178	6.0665	0.32
2014-2-20	6.0718	6.0486	6.0749	6.0479	0.36
2014-2-19	6.0498	6.0372	6.051	6.0354	0.20
2014-2-18	6.0378	6.034	6.0395	6.0332	0.04
2014-2-17	6.0351	6.034	6.0388	6.0315	0.00
2014-2-14	6.0351	6.0385	6.0426	6.0323	-0.08
2014-2-13	6.0399	6.035	6.0453	6.035	0.05
2014-2-12	6.0367	6.0345	6.042	6.034	0.01
2014-2-11	6.0358	6.0351	6.0401	6.033	0.00
2014-2-10	6.0357	6.0258	6.0381	6.0253	0.14
2014-2-7	6.0274	6.024	6.034	6.0229	0.03
2014-2-6	6.0258	6.027	6.0293	6.0235	-0.03
2014-2-5	6.0275	6.0271	6.0293	6.0237	0.00
2014-2-4	6.0278	6.0324	6.0357	6.0255	-0.09
2014-2-3	6.0334	6.0338	6.0373	6.0309	-0.03
2014-1-31	6.0354	6.0335	6.0393	6.0328	0.01
2014-1-30	6.0347	6.0293	6.0398	6.028	0.06
2014-1-29	6.0308	6.0292	6.0354	6.0256	0.01
2014-1-28	6.0301	6.0368	6.0382	6.0265	-0.13
2014-1-27	6.0378	6.04	6.0437	6.035	-0.05
2014-1-24	6.0409	6.0371	6.0469	6.0315	0.05
2014-1-23	6.0381	6.0283	6.0393	6.0279	0.14
2014-1-22	6.0297	6.0316	6.0329	6.0254	-0.04
2014-1-21	6.0321	6.0188	6.035	6.0178	0.21
2014-1-20	6.0195	6.022	6.0258	6.0178	-0.05
2014-1-17	6.0228	6.0244	6.0251	6.0197	-0.04
2014-1-16	6.0251	6.022	6.027	6.021	0.04
2014-1-15	6.0225	6.0185	6.0252	6.015	0.05
2014-1-14	6.0193	6.0293	6.0301	6.015	-0.17
2014-1-13	6.0297	6.032	6.0335	6.0244	-0.06
2014-1-10	6.0332	6.038	6.0419	6.0312	-0.11
2014-1-9	6.0396	6.0375	6.0435	6.036	0.01
2014-1-8	6.0392	6.0382	6.0411	6.0305	0.00
2014-1-7	6.0394	6.0436	6.0463	6.0355	-0.08
2014-1-6	6.0442	6.046	6.0498	6.0415	-0.06
2014-1-3	6.0477	6.0508	6.0541	6.0439	-0.06
2014-1-2	6.0515	6.056	6.0567	6.0435	-0.08
2014-1-1	6.0565	6.056	6.0575	6.0555	0.00
